# Constructed from biom file
#OTU ID	18751_HealthyModern_1_Plaque-1-5Mss	18753_HealthyModern_2_Plaque-1-5Mss	18755_HealthyModern_3_Plaque-1-5Mss	18757_HealthyModern_4_Plaque-1-5Mss	18759_HealthyModern_5_Plaque-1-5Mss	18763_HealthyModern_7_Plaque-1-5Mss	18772_HealthyModern_11_Plaque-1-5Mss	18776_HealthyModern_13_Plaque-1-5Mss	18780_HealthyModern_15_Plaque-1-5Mss	mgm4665892.3-1-5M-ss	mgm4665887.3-1-5M-ss	mgm4665886.3-1-5M-ss	SRR17651696.blast2rma.rma6	SRR13789386.blast2rma	SRR13789887.blast2rma	SRR17651670.blast2rma.rma6	mgm4665888.3-1-5M-ss	mgm4667098.3-1-5M-ss	SRR13789833.blast2rma	mgm4666070.3-1-5M-ss	SRR17651684.blast2rma.rma6	mgm4666066.3-1-5M-ss	SRR13789417.blast2rma	mgm4666069.3-1-5M-ss	SRR13789559.blast2rma	mgm4696715.3-1-5M-ss	mgm4666067.3-1-5M-ss	SRR17651689.blast2rma.rma6	mgm4667097.3-1-5M-ss	mgm4665889.3-1-5M-ss	SRR17651690.blast2rma.rma6	mgm4665884.3-1-5M-ss	SRR13789823.blast2rma	SRR17651671.blast2rma.rma6	mgm4665891.3-1-5M-ss	SRR13789610.blast2rma	SRR13789843.blast2rma	mgm4665883.3-1-5M-ss	SRR17651694.blast2rma.rma6	A20339_Georgia_Antique	A20345_Georgia_Antique	A20351_Georgia_Antique	A20363_Georgia_EarlyMiddleAges	A20366_Georgia_EarlyMiddleAges	A20368_Georgia_EarlyMiddleAges	A20374_Georgia_EarlyMiddleAges	A20376_Georgia_EarlyMiddleAges	A20381_Georgia_EarlyMiddleAges	A20389_Georgia_EarlyMiddleAges	A20394_Georgia_EarlyMiddleAges
Abiotrophia_defectiva	0.0	0.0	0.0	0.0	5626.0	0.0	0.0	0.0	0.0	0.0	0.0	0.0	0.0	0.0	0.0	0.0	0.0	0.0	0.0	0.0	0.0	0.0	0.0	5365.0	0.0	0.0	0.0	0.0	0.0	6638.0	0.0	0.0	0.0	0.0	0.0	0.0	0.0	2024.0	0.0	0.0	0.0	12284.0	0.0	0.0	0.0	0.0	6620.0	0.0	0.0	0.0
Abiotrophia_sp._HMSC24B09	0.0	0.0	0.0	0.0	0.0	0.0	0.0	0.0	0.0	0.0	0.0	0.0	0.0	0.0	0.0	0.0	0.0	0.0	0.0	0.0	0.0	0.0	0.0	0.0	0.0	0.0	0.0	0.0	0.0	0.0	0.0	0.0	0.0	0.0	0.0	0.0	0.0	0.0	0.0	0.0	0.0	19027.0	0.0	0.0	0.0	0.0	4175.0	6143.0	0.0	0.0
Acinetobacter_baumannii	0.0	0.0	3306.0	0.0	0.0	0.0	0.0	1726.0	0.0	0.0	0.0	0.0	0.0	4022.0	0.0	0.0	0.0	0.0	4526.0	0.0	0.0	0.0	0.0	0.0	5346.0	0.0	0.0	0.0	0.0	0.0	0.0	0.0	0.0	0.0	0.0	26324.0	0.0	0.0	0.0	0.0	0.0	0.0	0.0	0.0	0.0	0.0	0.0	0.0	0.0	0.0
Actinobaculum_sp._oral_taxon_183	35812.0	11857.0	9345.0	35200.0	0.0	0.0	84887.0	25621.0	1861.0	0.0	0.0	0.0	0.0	0.0	0.0	0.0	0.0	0.0	0.0	0.0	0.0	0.0	0.0	0.0	0.0	0.0	0.0	0.0	0.0	0.0	0.0	0.0	0.0	0.0	0.0	0.0	0.0	0.0	0.0	0.0	0.0	0.0	0.0	0.0	0.0	0.0	0.0	0.0	0.0	0.0
Actinomyces_dentalis	27204.0	12500.0	7334.0	12439.0	0.0	26633.0	2365.0	3502.0	26020.0	0.0	0.0	0.0	0.0	0.0	0.0	0.0	0.0	0.0	0.0	0.0	0.0	0.0	0.0	0.0	0.0	0.0	0.0	0.0	0.0	0.0	0.0	0.0	0.0	0.0	0.0	0.0	1942.0	0.0	0.0	56745.0	45126.0	8386.0	84801.0	106278.0	110102.0	4779.0	80945.0	45646.0	110350.0	84416.0
Actinomyces_gerencseriae	53384.0	13908.0	5989.0	10176.0	0.0	19278.0	4677.0	0.0	8866.0	0.0	0.0	0.0	0.0	0.0	0.0	0.0	0.0	0.0	0.0	0.0	0.0	0.0	0.0	5705.0	0.0	0.0	17539.0	0.0	0.0	0.0	0.0	0.0	0.0	0.0	0.0	0.0	0.0	0.0	0.0	2061.0	3994.0	0.0	10138.0	2790.0	11195.0	0.0	0.0	10321.0	3816.0	3234.0
Actinomyces_israelii	0.0	0.0	0.0	9407.0	2811.0	0.0	0.0	0.0	41157.0	0.0	0.0	0.0	0.0	0.0	0.0	0.0	0.0	0.0	0.0	0.0	0.0	0.0	0.0	0.0	0.0	0.0	0.0	0.0	0.0	0.0	0.0	0.0	0.0	0.0	0.0	0.0	7152.0	0.0	0.0	0.0	0.0	0.0	0.0	0.0	0.0	0.0	0.0	0.0	0.0	0.0
Actinomyces_johnsonii	0.0	1713.0	0.0	0.0	0.0	3700.0	1956.0	6944.0	0.0	0.0	0.0	0.0	0.0	0.0	0.0	0.0	0.0	0.0	0.0	0.0	0.0	0.0	0.0	0.0	0.0	0.0	0.0	0.0	0.0	0.0	0.0	0.0	0.0	0.0	0.0	0.0	0.0	0.0	0.0	0.0	0.0	0.0	0.0	0.0	0.0	0.0	0.0	0.0	0.0	0.0
Actinomyces_massiliensis	9136.0	11243.0	17793.0	18357.0	23405.0	23893.0	17471.0	25721.0	97754.0	0.0	0.0	0.0	0.0	0.0	0.0	0.0	0.0	0.0	0.0	0.0	0.0	0.0	0.0	0.0	0.0	0.0	3925.0	0.0	0.0	0.0	0.0	0.0	0.0	0.0	0.0	0.0	6398.0	0.0	0.0	0.0	0.0	0.0	0.0	0.0	0.0	0.0	0.0	0.0	0.0	0.0
Actinomyces_naeslundii	62740.0	42318.0	32717.0	28935.0	32804.0	78110.0	85438.0	35267.0	35082.0	0.0	0.0	0.0	0.0	0.0	17806.0	0.0	0.0	0.0	7669.0	2063.0	0.0	0.0	0.0	0.0	3693.0	0.0	5372.0	0.0	0.0	0.0	0.0	0.0	6576.0	0.0	0.0	0.0	0.0	1605.0	0.0	0.0	21345.0	4218.0	3585.0	3441.0	0.0	0.0	4550.0	16011.0	9330.0	6166.0
Actinomyces_oris	27296.0	14218.0	76963.0	6726.0	2342.0	12704.0	60754.0	29210.0	63390.0	0.0	0.0	0.0	0.0	0.0	31849.0	0.0	0.0	0.0	8727.0	4194.0	0.0	0.0	0.0	4867.0	4300.0	0.0	32022.0	0.0	0.0	0.0	0.0	0.0	63826.0	0.0	0.0	0.0	16119.0	0.0	0.0	4322.0	26023.0	6028.0	2896.0	5820.0	4326.0	0.0	2959.0	13526.0	5102.0	13163.0
Actinomyces_sp._HPA0247	0.0	0.0	0.0	0.0	0.0	0.0	0.0	0.0	0.0	0.0	0.0	0.0	0.0	0.0	0.0	0.0	0.0	0.0	0.0	0.0	0.0	0.0	0.0	0.0	0.0	0.0	0.0	0.0	0.0	0.0	0.0	0.0	0.0	0.0	0.0	0.0	1659.0	0.0	0.0	0.0	0.0	0.0	0.0	0.0	0.0	0.0	0.0	0.0	0.0	0.0
Actinomyces_sp._oral_taxon_170	16657.0	11783.0	13880.0	1515.0	2366.0	7508.0	18896.0	0.0	42143.0	0.0	0.0	0.0	0.0	0.0	0.0	0.0	0.0	0.0	0.0	0.0	0.0	0.0	0.0	0.0	0.0	0.0	0.0	0.0	0.0	0.0	0.0	0.0	0.0	0.0	0.0	0.0	0.0	0.0	0.0	0.0	0.0	0.0	0.0	0.0	0.0	0.0	0.0	3977.0	0.0	0.0
Actinomyces_sp._oral_taxon_414	64998.0	17288.0	16182.0	18980.0	1583.0	49589.0	5258.0	4531.0	42211.0	0.0	0.0	0.0	0.0	0.0	0.0	0.0	0.0	0.0	0.0	0.0	0.0	0.0	0.0	0.0	0.0	0.0	0.0	0.0	0.0	0.0	0.0	0.0	0.0	0.0	0.0	0.0	25044.0	0.0	0.0	135570.0	130340.0	30031.0	209120.0	272572.0	310811.0	10606.0	243954.0	110813.0	307587.0	238953.0
Actinomyces_sp._oral_taxon_448	185667.0	0.0	0.0	0.0	0.0	1958.0	0.0	0.0	0.0	0.0	0.0	0.0	0.0	0.0	0.0	0.0	0.0	3962.0	0.0	0.0	0.0	1719.0	0.0	0.0	0.0	0.0	9283.0	0.0	0.0	0.0	0.0	0.0	0.0	0.0	0.0	0.0	0.0	0.0	0.0	0.0	0.0	0.0	0.0	0.0	0.0	0.0	0.0	0.0	0.0	0.0
Actinomyces_sp._oral_taxon_848	0.0	0.0	0.0	0.0	0.0	0.0	0.0	0.0	0.0	0.0	0.0	0.0	0.0	0.0	0.0	0.0	0.0	0.0	0.0	0.0	0.0	0.0	0.0	0.0	0.0	0.0	8046.0	0.0	0.0	0.0	0.0	0.0	0.0	0.0	0.0	0.0	0.0	0.0	0.0	0.0	0.0	0.0	0.0	0.0	0.0	0.0	0.0	0.0	0.0	0.0
Actinomyces_sp._oral_taxon_849	1611.0	2559.0	0.0	0.0	0.0	5498.0	3438.0	1590.0	2035.0	0.0	0.0	0.0	0.0	0.0	0.0	0.0	0.0	0.0	0.0	0.0	0.0	0.0	0.0	0.0	0.0	0.0	0.0	0.0	0.0	0.0	0.0	0.0	0.0	0.0	0.0	0.0	0.0	0.0	0.0	0.0	8524.0	0.0	0.0	0.0	0.0	0.0	0.0	2116.0	4351.0	0.0
Actinomyces_timonensis	0.0	2851.0	0.0	2210.0	0.0	2309.0	0.0	0.0	1992.0	0.0	0.0	0.0	0.0	0.0	14444.0	0.0	0.0	0.0	0.0	0.0	0.0	0.0	0.0	0.0	0.0	0.0	0.0	0.0	0.0	0.0	0.0	0.0	0.0	0.0	0.0	0.0	0.0	0.0	0.0	0.0	0.0	0.0	0.0	0.0	0.0	0.0	0.0	0.0	0.0	0.0
Aggregatibacter_actinomycetemcomitans	0.0	0.0	0.0	2467.0	4101.0	0.0	0.0	0.0	0.0	0.0	8824.0	0.0	0.0	0.0	0.0	0.0	0.0	0.0	0.0	0.0	0.0	0.0	0.0	0.0	0.0	0.0	0.0	0.0	0.0	0.0	0.0	0.0	0.0	0.0	0.0	0.0	0.0	0.0	0.0	0.0	0.0	0.0	0.0	0.0	0.0	0.0	0.0	0.0	0.0	0.0
Aggregatibacter_aphrophilus	7211.0	4185.0	0.0	1827.0	225362.0	5117.0	5493.0	0.0	7092.0	0.0	0.0	0.0	0.0	0.0	0.0	0.0	3151.0	0.0	0.0	0.0	0.0	0.0	0.0	2378.0	0.0	0.0	1678.0	0.0	2464.0	0.0	0.0	0.0	0.0	0.0	1565.0	0.0	0.0	1774.0	0.0	0.0	5497.0	15832.0	0.0	0.0	0.0	0.0	5310.0	10994.0	0.0	0.0
Aggregatibacter_segnis	0.0	15308.0	0.0	0.0	10222.0	5336.0	3341.0	0.0	6652.0	0.0	0.0	0.0	0.0	0.0	0.0	0.0	0.0	0.0	0.0	0.0	0.0	0.0	0.0	3655.0	0.0	7047.0	0.0	0.0	3952.0	0.0	0.0	0.0	0.0	0.0	0.0	0.0	0.0	3115.0	0.0	0.0	5511.0	20850.0	0.0	0.0	0.0	0.0	6932.0	2611.0	0.0	0.0
Aggregatibacter_sp._oral_taxon_458	5974.0	3059.0	0.0	0.0	1860.0	4061.0	0.0	2028.0	3056.0	0.0	0.0	0.0	0.0	0.0	0.0	0.0	5000.0	0.0	0.0	0.0	0.0	0.0	0.0	3511.0	0.0	0.0	0.0	0.0	0.0	0.0	0.0	0.0	0.0	0.0	0.0	0.0	0.0	9561.0	0.0	0.0	0.0	0.0	0.0	0.0	0.0	0.0	0.0	0.0	0.0	0.0
Alloprevotella_tannerae	0.0	0.0	25256.0	19870.0	0.0	50236.0	0.0	0.0	4109.0	13147.0	7266.0	5499.0	0.0	0.0	0.0	0.0	0.0	0.0	0.0	12965.0	0.0	3050.0	0.0	12287.0	0.0	26841.0	50226.0	0.0	20336.0	0.0	0.0	15624.0	0.0	0.0	7963.0	0.0	0.0	22586.0	0.0	0.0	0.0	0.0	0.0	0.0	0.0	0.0	0.0	0.0	0.0	0.0
Aminomonas_paucivorans	0.0	0.0	0.0	0.0	0.0	0.0	0.0	0.0	0.0	0.0	0.0	0.0	0.0	0.0	0.0	0.0	0.0	0.0	0.0	0.0	0.0	0.0	0.0	0.0	0.0	0.0	0.0	0.0	0.0	0.0	0.0	0.0	0.0	0.0	0.0	0.0	0.0	0.0	0.0	3653.0	0.0	0.0	2094.0	0.0	2529.0	736.0	0.0	0.0	2978.0	0.0
Anaeroglobus_geminatus	0.0	0.0	0.0	0.0	0.0	2418.0	0.0	0.0	0.0	0.0	5192.0	5176.0	0.0	0.0	0.0	0.0	0.0	0.0	0.0	0.0	0.0	0.0	0.0	0.0	0.0	0.0	0.0	0.0	0.0	0.0	0.0	1842.0	0.0	0.0	0.0	0.0	0.0	2723.0	0.0	0.0	0.0	0.0	0.0	0.0	0.0	0.0	0.0	0.0	0.0	0.0
Anaerolineaceae_bacterium_oral_taxon_439	0.0	0.0	0.0	4047.0	0.0	0.0	0.0	0.0	0.0	0.0	2181.0	0.0	0.0	0.0	0.0	0.0	0.0	0.0	0.0	0.0	0.0	0.0	0.0	0.0	0.0	0.0	0.0	0.0	0.0	0.0	0.0	0.0	0.0	0.0	0.0	0.0	0.0	0.0	0.0	82409.0	21542.0	56222.0	198665.0	69285.0	229548.0	146351.0	48762.0	226207.0	175627.0	111839.0
Bacillus_obstructivus	0.0	0.0	0.0	0.0	0.0	0.0	0.0	0.0	0.0	12203.0	4293.0	1823.0	0.0	0.0	0.0	0.0	7044.0	9671.0	0.0	2957.0	0.0	1641.0	0.0	2278.0	0.0	3904.0	7712.0	0.0	7623.0	0.0	0.0	0.0	0.0	0.0	0.0	0.0	0.0	2606.0	0.0	0.0	0.0	0.0	0.0	0.0	0.0	0.0	0.0	0.0	0.0	0.0
Bacteroidetes_oral_taxon_274	0.0	0.0	13220.0	21080.0	4736.0	4368.0	0.0	0.0	7326.0	0.0	30098.0	10256.0	0.0	0.0	0.0	0.0	22054.0	0.0	0.0	0.0	0.0	0.0	0.0	0.0	0.0	9522.0	0.0	0.0	36925.0	0.0	0.0	0.0	0.0	0.0	1869.0	0.0	0.0	4022.0	0.0	7249.0	43031.0	38812.0	16288.0	35260.0	8818.0	751.0	69457.0	55193.0	30394.0	33141.0
Campylobacter_concisus	0.0	3127.0	10734.0	0.0	1959.0	4202.0	8194.0	7756.0	3468.0	0.0	2563.0	2296.0	0.0	0.0	0.0	0.0	23952.0	0.0	0.0	4003.0	0.0	6566.0	0.0	0.0	0.0	2850.0	0.0	0.0	2296.0	0.0	0.0	5358.0	0.0	0.0	9120.0	0.0	0.0	2035.0	0.0	0.0	4475.0	7098.0	0.0	0.0	0.0	0.0	0.0	2102.0	0.0	0.0
Campylobacter_curvus	0.0	0.0	3109.0	0.0	2334.0	0.0	2959.0	3237.0	3222.0	0.0	2817.0	1655.0	0.0	0.0	0.0	0.0	0.0	0.0	0.0	2344.0	0.0	0.0	0.0	0.0	0.0	2327.0	0.0	0.0	0.0	0.0	0.0	0.0	0.0	0.0	2295.0	0.0	0.0	0.0	0.0	0.0	4018.0	7264.0	0.0	0.0	0.0	0.0	0.0	0.0	0.0	0.0
Campylobacter_gracilis	5356.0	2396.0	4862.0	5315.0	2006.0	3383.0	3524.0	4172.0	5272.0	11803.0	7824.0	14487.0	0.0	0.0	0.0	0.0	16260.0	20815.0	0.0	52258.0	0.0	11047.0	0.0	44257.0	0.0	8495.0	60210.0	0.0	10825.0	9458.0	0.0	10962.0	0.0	0.0	41221.0	0.0	0.0	31163.0	0.0	1490.0	6847.0	7925.0	4137.0	10384.0	3497.0	0.0	29109.0	9261.0	10418.0	4734.0
Candidatus_Saccharibacteria_oral_taxon_TM7x	0.0	0.0	0.0	0.0	0.0	0.0	0.0	0.0	0.0	0.0	0.0	0.0	0.0	0.0	0.0	0.0	0.0	0.0	0.0	0.0	0.0	0.0	0.0	0.0	0.0	0.0	0.0	0.0	0.0	0.0	0.0	0.0	0.0	0.0	0.0	0.0	0.0	0.0	0.0	6304.0	15418.0	15565.0	27294.0	33371.0	35259.0	25042.0	23342.0	30069.0	19198.0	14906.0
Capnocytophaga_granulosa	0.0	9155.0	2764.0	0.0	10764.0	0.0	21688.0	0.0	6674.0	8551.0	0.0	6249.0	0.0	0.0	0.0	0.0	58927.0	27773.0	0.0	23406.0	0.0	83337.0	0.0	6123.0	0.0	43612.0	1631.0	0.0	13306.0	3329.0	0.0	47895.0	0.0	0.0	39975.0	0.0	16674.0	12617.0	0.0	0.0	16571.0	17370.0	0.0	3918.0	0.0	0.0	5310.0	3400.0	4547.0	4236.0
Capnocytophaga_ochracea	2068.0	0.0	1507.0	0.0	1616.0	0.0	2866.0	1618.0	0.0	1561.0	3766.0	9516.0	0.0	0.0	0.0	0.0	8300.0	7590.0	0.0	6326.0	0.0	9462.0	0.0	4305.0	0.0	0.0	8366.0	0.0	3420.0	2952.0	0.0	1930.0	0.0	0.0	17035.0	0.0	0.0	3686.0	0.0	0.0	0.0	0.0	0.0	0.0	0.0	0.0	0.0	0.0	0.0	0.0
Capnocytophaga_sp._ChDC_OS43	1763.0	18662.0	12075.0	4499.0	18816.0	4146.0	46200.0	4318.0	3501.0	3589.0	0.0	40578.0	0.0	0.0	0.0	0.0	8426.0	2521.0	0.0	3686.0	0.0	5369.0	0.0	3905.0	0.0	16966.0	2734.0	0.0	6693.0	8469.0	0.0	12423.0	0.0	0.0	28381.0	0.0	3152.0	11165.0	0.0	0.0	10778.0	7042.0	0.0	0.0	0.0	0.0	0.0	5127.0	3419.0	0.0
Capnocytophaga_sp._oral_taxon_323	0.0	3863.0	0.0	0.0	0.0	0.0	0.0	0.0	0.0	0.0	0.0	2039.0	0.0	0.0	0.0	0.0	0.0	2936.0	0.0	1565.0	0.0	3638.0	0.0	1520.0	0.0	0.0	1664.0	0.0	0.0	0.0	0.0	0.0	0.0	0.0	4649.0	0.0	0.0	0.0	0.0	0.0	0.0	0.0	0.0	0.0	0.0	0.0	0.0	0.0	0.0	0.0
Capnocytophaga_sp._oral_taxon_326	0.0	2319.0	0.0	0.0	2636.0	0.0	4482.0	0.0	0.0	0.0	0.0	4942.0	0.0	0.0	0.0	0.0	0.0	0.0	0.0	0.0	0.0	0.0	0.0	0.0	0.0	4808.0	0.0	0.0	0.0	0.0	0.0	3697.0	0.0	0.0	3446.0	0.0	0.0	0.0	0.0	0.0	0.0	0.0	0.0	0.0	0.0	0.0	0.0	0.0	0.0	0.0
Capnocytophaga_sp._oral_taxon_329	0.0	14355.0	20905.0	0.0	4767.0	0.0	16241.0	22705.0	7604.0	0.0	0.0	4559.0	0.0	0.0	0.0	0.0	4040.0	1622.0	0.0	0.0	0.0	7470.0	0.0	5434.0	0.0	16997.0	0.0	0.0	8698.0	2105.0	0.0	3829.0	0.0	0.0	12122.0	0.0	4934.0	10266.0	0.0	0.0	0.0	5034.0	0.0	0.0	0.0	0.0	0.0	2661.0	0.0	0.0
Capnocytophaga_sp._oral_taxon_332	0.0	0.0	0.0	0.0	24482.0	0.0	0.0	0.0	0.0	0.0	0.0	0.0	0.0	0.0	0.0	0.0	0.0	0.0	0.0	0.0	0.0	0.0	0.0	0.0	0.0	0.0	0.0	0.0	0.0	0.0	0.0	0.0	0.0	0.0	2880.0	0.0	0.0	0.0	0.0	0.0	0.0	0.0	0.0	0.0	0.0	0.0	0.0	0.0	0.0	0.0
Capnocytophaga_sp._oral_taxon_338	0.0	5388.0	0.0	0.0	4457.0	0.0	3424.0	0.0	1711.0	0.0	0.0	0.0	0.0	0.0	0.0	0.0	6974.0	3259.0	0.0	0.0	0.0	8757.0	0.0	0.0	0.0	3297.0	5969.0	0.0	0.0	0.0	0.0	2283.0	0.0	0.0	11426.0	0.0	0.0	0.0	0.0	0.0	0.0	0.0	0.0	0.0	0.0	0.0	0.0	0.0	0.0	0.0
Capnocytophaga_sp._oral_taxon_863	0.0	3821.0	0.0	0.0	2737.0	0.0	2753.0	0.0	0.0	0.0	0.0	1592.0	0.0	0.0	0.0	0.0	9390.0	3046.0	0.0	0.0	0.0	9304.0	0.0	0.0	0.0	2378.0	0.0	0.0	0.0	0.0	0.0	2458.0	0.0	0.0	4524.0	0.0	0.0	0.0	0.0	0.0	0.0	3090.0	0.0	0.0	0.0	0.0	0.0	0.0	0.0	0.0
Cardiobacterium_hominis	13580.0	32348.0	17048.0	12351.0	12297.0	3340.0	38929.0	28912.0	27278.0	0.0	2589.0	11635.0	0.0	0.0	0.0	0.0	31749.0	4434.0	0.0	14183.0	0.0	27691.0	0.0	7857.0	0.0	18120.0	0.0	0.0	1869.0	3052.0	0.0	9675.0	0.0	0.0	44821.0	0.0	0.0	14274.0	0.0	0.0	11962.0	0.0	0.0	3514.0	0.0	0.0	0.0	10744.0	4861.0	4172.0
Cardiobacterium_valvarum	0.0	5742.0	0.0	6668.0	5519.0	1554.0	3446.0	11398.0	5234.0	0.0	0.0	9300.0	0.0	0.0	0.0	0.0	0.0	0.0	0.0	3776.0	0.0	0.0	0.0	0.0	0.0	5586.0	0.0	0.0	0.0	0.0	0.0	0.0	0.0	0.0	11771.0	0.0	0.0	3553.0	0.0	0.0	48549.0	4557.0	0.0	19471.0	0.0	0.0	7566.0	21664.0	34454.0	11691.0
Catonella_morbi	0.0	0.0	3158.0	0.0	0.0	6499.0	3553.0	3553.0	3890.0	1707.0	3207.0	2176.0	0.0	0.0	0.0	0.0	5618.0	1623.0	0.0	0.0	0.0	2403.0	0.0	0.0	0.0	1688.0	0.0	0.0	6739.0	0.0	0.0	0.0	0.0	0.0	2126.0	0.0	0.0	0.0	0.0	1336.0	9213.0	7334.0	2536.0	5088.0	0.0	0.0	8232.0	4488.0	8041.0	5109.0
Centipeda_periodontii	0.0	0.0	0.0	6515.0	0.0	0.0	0.0	2367.0	0.0	0.0	0.0	0.0	0.0	0.0	0.0	0.0	0.0	2751.0	0.0	0.0	0.0	0.0	0.0	0.0	0.0	5209.0	0.0	0.0	0.0	0.0	0.0	0.0	0.0	0.0	0.0	0.0	0.0	2014.0	0.0	0.0	0.0	0.0	0.0	0.0	0.0	0.0	0.0	0.0	0.0	0.0
Comamonas_aquatica	0.0	0.0	0.0	0.0	0.0	0.0	0.0	0.0	0.0	0.0	0.0	0.0	0.0	0.0	0.0	0.0	0.0	0.0	0.0	0.0	0.0	0.0	0.0	0.0	0.0	0.0	0.0	0.0	0.0	0.0	0.0	0.0	14370.0	0.0	0.0	0.0	0.0	0.0	0.0	0.0	0.0	0.0	0.0	0.0	0.0	0.0	0.0	0.0	0.0	0.0
Comamonas_testosteroni	0.0	0.0	0.0	0.0	0.0	0.0	0.0	0.0	0.0	0.0	0.0	0.0	0.0	0.0	0.0	0.0	0.0	0.0	0.0	0.0	0.0	0.0	0.0	0.0	0.0	0.0	0.0	0.0	0.0	0.0	0.0	0.0	155309.0	0.0	0.0	0.0	0.0	0.0	0.0	0.0	0.0	0.0	0.0	0.0	0.0	0.0	0.0	0.0	0.0	0.0
Corynebacterium_durum	50187.0	18366.0	15843.0	5925.0	0.0	19416.0	18569.0	0.0	12035.0	0.0	0.0	0.0	0.0	0.0	0.0	0.0	0.0	0.0	0.0	0.0	0.0	2067.0	0.0	0.0	3541.0	0.0	0.0	0.0	0.0	0.0	0.0	0.0	6564.0	0.0	0.0	0.0	0.0	0.0	0.0	0.0	0.0	0.0	0.0	0.0	0.0	0.0	0.0	0.0	0.0	0.0
Corynebacterium_matruchotii	207816.0	130315.0	96846.0	15438.0	19478.0	71460.0	59966.0	80454.0	88272.0	14374.0	4251.0	1612.0	0.0	0.0	0.0	0.0	27708.0	2477.0	3174.0	12647.0	0.0	31219.0	0.0	42838.0	0.0	31823.0	44900.0	0.0	3591.0	7718.0	0.0	13844.0	14335.0	0.0	19867.0	0.0	24688.0	59811.0	0.0	2255.0	60590.0	3552.0	2882.0	32978.0	0.0	0.0	48848.0	33210.0	16372.0	23433.0
Corynebacterium_pseudogenitalium	0.0	0.0	0.0	0.0	0.0	0.0	0.0	0.0	0.0	0.0	0.0	0.0	0.0	40546.0	5339.0	0.0	0.0	0.0	0.0	0.0	0.0	0.0	29982.0	0.0	4388.0	0.0	0.0	0.0	0.0	0.0	0.0	0.0	152192.0	0.0	0.0	0.0	0.0	0.0	0.0	0.0	0.0	0.0	0.0	0.0	0.0	0.0	0.0	0.0	0.0	0.0
Cutibacterium_acnes	0.0	0.0	0.0	0.0	0.0	0.0	0.0	0.0	0.0	0.0	0.0	0.0	0.0	6813.0	11525.0	0.0	0.0	0.0	13606.0	0.0	0.0	0.0	0.0	0.0	9545.0	0.0	2077.0	0.0	0.0	0.0	0.0	0.0	5843.0	0.0	0.0	0.0	0.0	0.0	0.0	0.0	0.0	0.0	0.0	0.0	0.0	0.0	0.0	0.0	0.0	0.0
Desulfobulbus_propionicus	0.0	0.0	0.0	0.0	0.0	0.0	0.0	0.0	0.0	0.0	0.0	0.0	0.0	0.0	0.0	0.0	0.0	0.0	0.0	0.0	0.0	0.0	0.0	0.0	0.0	0.0	0.0	0.0	0.0	0.0	0.0	0.0	0.0	0.0	0.0	0.0	0.0	0.0	0.0	2185.0	4222.0	3413.0	4943.0	0.0	2424.0	0.0	11109.0	6012.0	3943.0	0.0
Desulfomicrobium_orale	0.0	0.0	0.0	0.0	0.0	0.0	0.0	0.0	0.0	0.0	0.0	0.0	0.0	0.0	0.0	0.0	0.0	0.0	0.0	0.0	0.0	0.0	0.0	0.0	0.0	0.0	0.0	0.0	0.0	0.0	0.0	0.0	0.0	0.0	0.0	0.0	0.0	0.0	0.0	33358.0	11984.0	33337.0	136365.0	65078.0	77476.0	121513.0	5697.0	66140.0	24586.0	4439.0
Dialister_invisus	3544.0	0.0	2417.0	4506.0	2657.0	7389.0	0.0	0.0	0.0	21427.0	14446.0	11288.0	0.0	0.0	0.0	0.0	27668.0	8432.0	0.0	3657.0	0.0	12375.0	0.0	5982.0	0.0	15624.0	1586.0	0.0	6620.0	101283.0	0.0	7050.0	0.0	0.0	13212.0	0.0	0.0	8893.0	0.0	0.0	0.0	2744.0	0.0	0.0	0.0	0.0	0.0	0.0	0.0	0.0
Eggerthia_catenaformis	0.0	0.0	0.0	0.0	0.0	2297.0	0.0	0.0	0.0	0.0	0.0	0.0	0.0	0.0	0.0	0.0	0.0	0.0	0.0	0.0	0.0	0.0	0.0	0.0	0.0	0.0	0.0	0.0	0.0	0.0	0.0	0.0	0.0	0.0	0.0	0.0	0.0	0.0	0.0	5225.0	0.0	0.0	0.0	0.0	4755.0	0.0	0.0	0.0	2695.0	0.0
Eikenella_corrodens	0.0	6370.0	0.0	1886.0	10014.0	0.0	1824.0	1871.0	3844.0	0.0	0.0	2854.0	0.0	0.0	0.0	0.0	10694.0	0.0	0.0	14365.0	0.0	0.0	0.0	5417.0	0.0	5544.0	8410.0	0.0	1606.0	0.0	0.0	1772.0	0.0	0.0	13271.0	0.0	0.0	5693.0	0.0	0.0	27539.0	22223.0	0.0	5794.0	0.0	0.0	0.0	6525.0	3570.0	7497.0
Enterobacter_cloacae	0.0	0.0	0.0	0.0	0.0	0.0	0.0	0.0	0.0	0.0	0.0	0.0	0.0	0.0	0.0	0.0	0.0	0.0	0.0	0.0	0.0	0.0	54621.0	0.0	0.0	0.0	0.0	0.0	0.0	0.0	0.0	0.0	9985.0	0.0	0.0	0.0	5672.0	0.0	0.0	0.0	0.0	0.0	0.0	0.0	0.0	0.0	0.0	0.0	0.0	0.0
Enterococcus_faecalis	0.0	0.0	0.0	0.0	0.0	0.0	0.0	0.0	0.0	0.0	0.0	0.0	0.0	0.0	0.0	0.0	0.0	0.0	0.0	0.0	0.0	0.0	0.0	0.0	0.0	0.0	4492.0	0.0	0.0	0.0	0.0	0.0	0.0	0.0	0.0	5325.0	3933.0	0.0	0.0	0.0	0.0	0.0	0.0	0.0	0.0	0.0	0.0	0.0	0.0	0.0
Enterococcus_faecium	24103.0	3792.0	24381.0	35344.0	16067.0	49252.0	18943.0	9117.0	10795.0	38918.0	15682.0	14648.0	20354.0	4087.0	0.0	25482.0	29239.0	23989.0	6137.0	25400.0	16652.0	10227.0	0.0	9561.0	0.0	16133.0	33951.0	27459.0	28201.0	5169.0	0.0	11405.0	5225.0	0.0	12888.0	0.0	5236.0	18626.0	10576.0	0.0	0.0	0.0	0.0	0.0	0.0	0.0	0.0	0.0	0.0	0.0
Escherichia_coli	1806.0	0.0	7335.0	3467.0	0.0	0.0	2920.0	1590.0	0.0	0.0	0.0	0.0	0.0	39394.0	5492.0	0.0	0.0	0.0	11174.0	0.0	0.0	0.0	165544.0	0.0	15401.0	0.0	0.0	0.0	0.0	0.0	0.0	0.0	7345.0	0.0	0.0	13280.0	12902.0	0.0	0.0	0.0	0.0	0.0	0.0	0.0	0.0	0.0	0.0	0.0	0.0	0.0
Eubacterium_brachy	0.0	0.0	0.0	7706.0	0.0	0.0	0.0	0.0	0.0	1921.0	1580.0	1658.0	0.0	0.0	0.0	0.0	4178.0	0.0	0.0	0.0	0.0	4089.0	0.0	0.0	0.0	0.0	3048.0	0.0	5289.0	2045.0	0.0	0.0	0.0	0.0	2191.0	0.0	0.0	2265.0	0.0	3452.0	0.0	0.0	2406.0	0.0	3307.0	0.0	0.0	2641.0	2790.0	0.0
Eubacterium_infirmum	0.0	0.0	0.0	7547.0	0.0	0.0	0.0	0.0	0.0	0.0	2493.0	3025.0	0.0	0.0	0.0	0.0	0.0	0.0	0.0	0.0	0.0	0.0	0.0	0.0	0.0	0.0	2390.0	0.0	2844.0	9908.0	0.0	0.0	0.0	0.0	0.0	0.0	0.0	2596.0	0.0	4281.0	0.0	0.0	2123.0	0.0	2944.0	712.0	2545.0	0.0	3117.0	0.0
Eubacterium_saphenum	0.0	0.0	0.0	0.0	0.0	0.0	0.0	0.0	0.0	0.0	22262.0	0.0	0.0	0.0	0.0	0.0	0.0	0.0	0.0	0.0	0.0	0.0	0.0	0.0	0.0	0.0	0.0	0.0	1514.0	0.0	0.0	0.0	0.0	0.0	0.0	0.0	0.0	0.0	0.0	5028.0	5169.0	0.0	23003.0	1789.0	27255.0	5334.0	0.0	6452.0	4489.0	0.0
Eubacterium_sulci	0.0	0.0	0.0	0.0	0.0	0.0	0.0	0.0	0.0	0.0	0.0	0.0	0.0	0.0	0.0	0.0	0.0	0.0	0.0	0.0	0.0	0.0	0.0	0.0	0.0	0.0	0.0	0.0	0.0	0.0	0.0	0.0	0.0	0.0	0.0	0.0	0.0	0.0	0.0	2595.0	0.0	3157.0	0.0	0.0	0.0	0.0	4658.0	0.0	0.0	0.0
Filifactor_alocis	0.0	0.0	0.0	7296.0	0.0	0.0	0.0	0.0	0.0	0.0	35375.0	4498.0	0.0	0.0	0.0	0.0	0.0	0.0	0.0	0.0	0.0	0.0	0.0	0.0	0.0	0.0	0.0	0.0	0.0	0.0	0.0	0.0	0.0	0.0	0.0	0.0	0.0	0.0	0.0	2443.0	2433.0	0.0	9549.0	1896.0	4658.0	0.0	0.0	4120.0	0.0	0.0
Fretibacterium_fastidiosum	0.0	0.0	0.0	11009.0	0.0	4920.0	0.0	0.0	4272.0	0.0	2173.0	0.0	0.0	0.0	0.0	0.0	0.0	0.0	0.0	3385.0	0.0	0.0	0.0	0.0	0.0	0.0	2684.0	0.0	0.0	0.0	0.0	1744.0	0.0	0.0	0.0	0.0	0.0	0.0	0.0	56187.0	49603.0	29340.0	63903.0	31704.0	75943.0	24699.0	36304.0	42992.0	46566.0	36452.0
Fusobacterium_nucleatum	4460.0	22461.0	16660.0	23901.0	12798.0	9999.0	10453.0	19718.0	8055.0	13371.0	34239.0	55004.0	0.0	0.0	6547.0	0.0	29111.0	13994.0	0.0	13709.0	0.0	22355.0	0.0	2046.0	0.0	18287.0	15061.0	0.0	32702.0	58534.0	0.0	12162.0	0.0	0.0	28746.0	0.0	0.0	11712.0	0.0	0.0	0.0	0.0	0.0	0.0	0.0	0.0	0.0	0.0	0.0	0.0
Gemella_morbillorum	0.0	3581.0	0.0	0.0	7296.0	6151.0	0.0	3413.0	4029.0	0.0	0.0	0.0	0.0	0.0	0.0	0.0	4702.0	1826.0	0.0	0.0	0.0	1593.0	0.0	0.0	0.0	0.0	0.0	0.0	3039.0	0.0	0.0	0.0	0.0	0.0	0.0	0.0	0.0	2865.0	0.0	0.0	6494.0	22558.0	0.0	0.0	0.0	0.0	8023.0	4869.0	0.0	5340.0
Granulicatella_adiacens	0.0	0.0	0.0	0.0	0.0	0.0	1580.0	0.0	0.0	0.0	0.0	0.0	0.0	0.0	0.0	0.0	0.0	0.0	0.0	0.0	0.0	0.0	0.0	0.0	0.0	0.0	0.0	0.0	0.0	0.0	0.0	0.0	0.0	0.0	0.0	0.0	0.0	0.0	0.0	0.0	0.0	0.0	0.0	0.0	0.0	0.0	0.0	0.0	0.0	0.0
Haemophilus_influenzae	0.0	0.0	0.0	0.0	2722.0	1812.0	0.0	0.0	0.0	0.0	0.0	0.0	0.0	0.0	0.0	0.0	0.0	0.0	0.0	1961.0	0.0	0.0	0.0	0.0	0.0	0.0	0.0	0.0	0.0	2712.0	0.0	0.0	0.0	0.0	0.0	0.0	1865.0	0.0	0.0	0.0	0.0	0.0	0.0	0.0	0.0	0.0	0.0	0.0	0.0	0.0
Haemophilus_parainfluenzae	0.0	0.0	34785.0	0.0	27624.0	32402.0	41278.0	6828.0	33297.0	0.0	0.0	0.0	0.0	0.0	0.0	0.0	11348.0	0.0	0.0	3096.0	0.0	0.0	0.0	4723.0	0.0	0.0	0.0	0.0	0.0	84051.0	0.0	0.0	8813.0	0.0	0.0	0.0	0.0	3065.0	0.0	0.0	0.0	0.0	0.0	0.0	0.0	0.0	0.0	0.0	0.0	0.0
Hydrogenophaga_sp._RAC07	0.0	0.0	0.0	0.0	0.0	0.0	0.0	0.0	0.0	0.0	0.0	0.0	0.0	0.0	0.0	0.0	0.0	0.0	0.0	0.0	0.0	0.0	0.0	0.0	0.0	0.0	0.0	22643.0	0.0	0.0	0.0	0.0	0.0	0.0	0.0	0.0	0.0	0.0	21076.0	0.0	0.0	0.0	0.0	0.0	0.0	0.0	0.0	0.0	0.0	0.0
Johnsonella_ignava	0.0	0.0	0.0	5125.0	0.0	0.0	0.0	0.0	0.0	0.0	10970.0	0.0	0.0	0.0	0.0	0.0	4653.0	0.0	0.0	0.0	0.0	0.0	0.0	0.0	0.0	0.0	6491.0	0.0	4614.0	0.0	0.0	0.0	0.0	0.0	1511.0	0.0	0.0	0.0	0.0	0.0	5499.0	6711.0	6024.0	9295.0	3449.0	1626.0	8012.0	19901.0	11112.0	3868.0
Jonquetella_anthropi	0.0	0.0	0.0	0.0	0.0	0.0	0.0	0.0	0.0	0.0	0.0	0.0	0.0	0.0	0.0	0.0	0.0	0.0	0.0	0.0	0.0	0.0	0.0	0.0	0.0	0.0	0.0	0.0	0.0	0.0	0.0	0.0	0.0	0.0	0.0	0.0	0.0	0.0	0.0	1600.0	0.0	0.0	0.0	0.0	0.0	0.0	0.0	0.0	0.0	0.0
Kingella_denitrificans	0.0	6654.0	0.0	0.0	0.0	0.0	0.0	0.0	0.0	0.0	0.0	0.0	0.0	0.0	0.0	0.0	0.0	0.0	0.0	0.0	0.0	0.0	0.0	4327.0	0.0	0.0	0.0	0.0	0.0	0.0	0.0	0.0	0.0	0.0	13450.0	0.0	0.0	2703.0	0.0	0.0	0.0	0.0	0.0	0.0	0.0	0.0	0.0	0.0	0.0	0.0
Kingella_oralis	0.0	2225.0	11335.0	0.0	0.0	0.0	23129.0	4150.0	0.0	0.0	0.0	0.0	0.0	0.0	0.0	0.0	18745.0	3946.0	0.0	3747.0	0.0	25896.0	0.0	23612.0	0.0	2719.0	8015.0	0.0	0.0	5029.0	0.0	19645.0	0.0	0.0	10194.0	0.0	4191.0	6031.0	0.0	0.0	0.0	0.0	0.0	0.0	0.0	0.0	0.0	0.0	0.0	0.0
Klebsiella_pneumoniae	0.0	0.0	0.0	0.0	0.0	0.0	0.0	0.0	0.0	0.0	0.0	0.0	0.0	12301.0	0.0	0.0	0.0	0.0	0.0	0.0	0.0	0.0	103830.0	0.0	0.0	0.0	0.0	0.0	0.0	0.0	0.0	0.0	0.0	0.0	0.0	4415.0	35654.0	0.0	0.0	0.0	0.0	0.0	0.0	0.0	0.0	0.0	0.0	0.0	0.0	0.0
Lachnoanaerobaculum_saburreum	1643.0	1846.0	3301.0	0.0	0.0	0.0	0.0	0.0	0.0	6722.0	5352.0	8943.0	0.0	0.0	0.0	0.0	9504.0	1735.0	0.0	7418.0	0.0	9050.0	0.0	2360.0	0.0	2850.0	4119.0	0.0	5744.0	6655.0	0.0	10818.0	0.0	0.0	16276.0	0.0	0.0	7504.0	0.0	0.0	0.0	5002.0	0.0	0.0	0.0	0.0	6173.0	2805.0	0.0	0.0
Lachnoanaerobaculum_sp._OBRC5-5	0.0	0.0	0.0	0.0	0.0	0.0	0.0	4994.0	0.0	0.0	1526.0	0.0	0.0	0.0	0.0	0.0	0.0	0.0	0.0	0.0	0.0	0.0	0.0	0.0	0.0	0.0	0.0	0.0	0.0	0.0	0.0	0.0	0.0	0.0	0.0	0.0	0.0	1695.0	0.0	0.0	0.0	4880.0	0.0	0.0	0.0	0.0	4295.0	0.0	0.0	0.0
Lachnospiraceae_bacterium_oral_taxon_500	0.0	0.0	0.0	0.0	3010.0	0.0	0.0	0.0	0.0	0.0	0.0	6873.0	0.0	0.0	0.0	0.0	0.0	0.0	0.0	0.0	0.0	0.0	0.0	0.0	0.0	0.0	0.0	0.0	3066.0	0.0	0.0	0.0	0.0	0.0	0.0	0.0	0.0	3983.0	0.0	0.0	5380.0	6230.0	0.0	0.0	0.0	0.0	8357.0	6662.0	0.0	0.0
Lancefieldella_parvula	0.0	0.0	0.0	0.0	0.0	0.0	0.0	0.0	0.0	0.0	0.0	1544.0	0.0	0.0	0.0	0.0	24137.0	21759.0	0.0	2733.0	0.0	7212.0	0.0	18354.0	0.0	0.0	0.0	0.0	0.0	14251.0	0.0	9623.0	0.0	0.0	3810.0	0.0	0.0	0.0	0.0	0.0	0.0	0.0	0.0	0.0	0.0	0.0	0.0	0.0	0.0	0.0
Lautropia_mirabilis	58075.0	44165.0	20137.0	20972.0	120440.0	33419.0	124640.0	5787.0	99292.0	0.0	0.0	0.0	0.0	0.0	0.0	0.0	0.0	0.0	0.0	1639.0	0.0	0.0	0.0	1736.0	7121.0	0.0	0.0	0.0	0.0	0.0	0.0	0.0	4642.0	0.0	0.0	0.0	0.0	0.0	0.0	0.0	286615.0	552221.0	0.0	19071.0	0.0	0.0	27675.0	120192.0	16879.0	30376.0
Leptotrichia_buccalis	1696.0	0.0	0.0	3124.0	7977.0	0.0	0.0	0.0	0.0	1596.0	8129.0	30755.0	0.0	0.0	0.0	0.0	0.0	0.0	0.0	16242.0	0.0	0.0	0.0	0.0	0.0	39086.0	0.0	0.0	9391.0	6892.0	0.0	4386.0	0.0	0.0	0.0	0.0	0.0	20886.0	0.0	0.0	4624.0	2645.0	0.0	0.0	0.0	0.0	18018.0	0.0	2788.0	2373.0
Leptotrichia_hofstadii	3076.0	13567.0	3734.0	0.0	1728.0	9563.0	0.0	1686.0	0.0	2691.0	4477.0	12618.0	0.0	0.0	0.0	0.0	27387.0	7419.0	0.0	1898.0	0.0	15429.0	0.0	16131.0	0.0	44390.0	3224.0	0.0	12512.0	6668.0	0.0	9969.0	0.0	0.0	2357.0	0.0	0.0	14815.0	0.0	0.0	0.0	0.0	0.0	0.0	0.0	0.0	0.0	0.0	0.0	0.0
Leptotrichia_shahii	0.0	0.0	0.0	0.0	1932.0	0.0	0.0	0.0	0.0	2041.0	0.0	0.0	0.0	0.0	0.0	0.0	0.0	1542.0	0.0	0.0	0.0	1627.0	0.0	0.0	0.0	2785.0	0.0	0.0	2913.0	0.0	0.0	0.0	0.0	0.0	0.0	0.0	0.0	2425.0	0.0	0.0	0.0	0.0	0.0	0.0	0.0	0.0	0.0	0.0	0.0	0.0
Leptotrichia_sp._oral_taxon_212	0.0	19519.0	3951.0	4626.0	5737.0	1921.0	4180.0	21424.0	0.0	0.0	0.0	4316.0	0.0	0.0	4680.0	0.0	0.0	0.0	0.0	0.0	0.0	0.0	0.0	0.0	0.0	5620.0	0.0	0.0	7550.0	3335.0	0.0	0.0	0.0	0.0	2022.0	0.0	0.0	3147.0	0.0	0.0	7529.0	16939.0	0.0	0.0	0.0	0.0	4333.0	8798.0	0.0	2364.0
Leptotrichia_sp._oral_taxon_215	0.0	0.0	0.0	0.0	0.0	0.0	0.0	0.0	0.0	0.0	0.0	0.0	0.0	0.0	0.0	0.0	0.0	2126.0	0.0	0.0	0.0	0.0	0.0	0.0	0.0	3880.0	0.0	0.0	0.0	0.0	0.0	2729.0	0.0	0.0	0.0	0.0	0.0	0.0	0.0	0.0	0.0	0.0	0.0	0.0	0.0	0.0	0.0	0.0	0.0	0.0
Leptotrichia_sp._oral_taxon_847	0.0	3150.0	0.0	2008.0	0.0	0.0	0.0	0.0	0.0	4950.0	5236.0	3843.0	0.0	0.0	0.0	0.0	0.0	1580.0	0.0	8564.0	0.0	6351.0	0.0	0.0	0.0	14626.0	0.0	0.0	2235.0	2008.0	0.0	2533.0	0.0	0.0	0.0	0.0	0.0	13878.0	0.0	0.0	0.0	0.0	0.0	0.0	0.0	0.0	0.0	0.0	0.0	0.0
Leptotrichia_wadei	0.0	3808.0	0.0	0.0	0.0	0.0	0.0	0.0	0.0	22008.0	8606.0	2604.0	0.0	0.0	0.0	0.0	1502.0	40955.0	0.0	23254.0	0.0	42060.0	0.0	2753.0	0.0	15000.0	0.0	0.0	10808.0	7787.0	0.0	9346.0	0.0	0.0	2416.0	0.0	2067.0	7498.0	0.0	0.0	0.0	0.0	0.0	0.0	0.0	0.0	0.0	0.0	0.0	0.0
Methanobrevibacter_millerae	0.0	0.0	0.0	0.0	0.0	0.0	0.0	0.0	0.0	0.0	0.0	0.0	0.0	0.0	0.0	0.0	0.0	0.0	0.0	0.0	0.0	0.0	0.0	0.0	0.0	0.0	0.0	0.0	0.0	0.0	0.0	0.0	0.0	0.0	0.0	0.0	0.0	0.0	0.0	5720.0	0.0	0.0	0.0	0.0	0.0	0.0	0.0	0.0	5677.0	0.0
Methanobrevibacter_oralis	0.0	0.0	0.0	0.0	0.0	0.0	0.0	0.0	0.0	0.0	0.0	0.0	0.0	0.0	0.0	0.0	0.0	0.0	0.0	0.0	0.0	0.0	0.0	0.0	0.0	0.0	0.0	0.0	0.0	0.0	0.0	0.0	0.0	0.0	0.0	0.0	0.0	0.0	0.0	11725.0	0.0	3170.0	121958.0	0.0	3197.0	0.0	9441.0	2334.0	70674.0	4392.0
Methanobrevibacter_smithii	0.0	0.0	0.0	0.0	0.0	0.0	0.0	0.0	0.0	0.0	0.0	0.0	0.0	0.0	0.0	0.0	0.0	0.0	0.0	0.0	0.0	0.0	0.0	0.0	0.0	0.0	0.0	0.0	0.0	0.0	0.0	0.0	0.0	0.0	0.0	0.0	0.0	0.0	0.0	3753.0	0.0	0.0	0.0	0.0	0.0	0.0	0.0	0.0	3675.0	0.0
Methanobrevibacter_sp._YE315	0.0	0.0	0.0	0.0	0.0	0.0	0.0	0.0	0.0	0.0	0.0	0.0	0.0	0.0	0.0	0.0	0.0	0.0	0.0	0.0	0.0	0.0	0.0	0.0	0.0	0.0	0.0	0.0	0.0	0.0	0.0	0.0	0.0	0.0	0.0	0.0	0.0	0.0	0.0	14300.0	0.0	3990.0	0.0	0.0	3640.0	0.0	4604.0	0.0	12538.0	2716.0
Micrococcus_luteus	0.0	0.0	0.0	0.0	0.0	0.0	0.0	0.0	0.0	0.0	0.0	0.0	0.0	0.0	0.0	0.0	0.0	0.0	4103.0	0.0	0.0	0.0	55698.0	0.0	5140.0	0.0	0.0	0.0	0.0	0.0	0.0	0.0	7777.0	0.0	0.0	0.0	1825.0	0.0	0.0	0.0	0.0	0.0	0.0	0.0	0.0	0.0	0.0	0.0	0.0	0.0
Moraxella_osloensis	0.0	0.0	0.0	0.0	0.0	0.0	0.0	0.0	0.0	0.0	0.0	0.0	0.0	112393.0	5196.0	0.0	0.0	0.0	5696.0	0.0	0.0	0.0	443312.0	0.0	124715.0	0.0	0.0	0.0	0.0	0.0	0.0	0.0	0.0	0.0	0.0	136619.0	0.0	0.0	0.0	0.0	0.0	0.0	0.0	0.0	0.0	0.0	0.0	0.0	0.0	0.0
Mycobacterium_tuberculosis	4886.0	2278.0	10881.0	8427.0	2426.0	0.0	5666.0	4221.0	4440.0	0.0	0.0	0.0	0.0	22647.0	14709.0	0.0	0.0	0.0	19234.0	0.0	0.0	0.0	0.0	0.0	6230.0	0.0	0.0	0.0	0.0	0.0	0.0	0.0	13369.0	0.0	0.0	0.0	5037.0	0.0	0.0	0.0	0.0	0.0	0.0	0.0	0.0	0.0	0.0	0.0	0.0	0.0
Neisseria_bacilliformis	0.0	8088.0	5617.0	0.0	9298.0	0.0	39971.0	0.0	0.0	0.0	0.0	0.0	0.0	0.0	0.0	0.0	0.0	0.0	0.0	0.0	0.0	0.0	0.0	8142.0	0.0	0.0	0.0	0.0	0.0	0.0	0.0	0.0	0.0	0.0	0.0	0.0	0.0	0.0	0.0	0.0	0.0	0.0	0.0	0.0	0.0	0.0	0.0	0.0	0.0	0.0
Neisseria_elongata	3250.0	22835.0	15794.0	0.0	34101.0	6922.0	15271.0	3203.0	21239.0	0.0	0.0	0.0	0.0	0.0	0.0	0.0	34960.0	0.0	0.0	2217.0	0.0	0.0	0.0	13545.0	0.0	6428.0	0.0	0.0	0.0	0.0	0.0	4932.0	0.0	0.0	9688.0	0.0	1931.0	0.0	0.0	0.0	27789.0	12478.0	0.0	6021.0	0.0	0.0	8912.0	4646.0	4181.0	4101.0
Neisseria_meningitidis	0.0	1731.0	5321.0	0.0	2876.0	1686.0	0.0	0.0	2187.0	0.0	0.0	0.0	0.0	0.0	0.0	0.0	0.0	0.0	0.0	0.0	0.0	0.0	0.0	1745.0	0.0	0.0	0.0	0.0	0.0	0.0	0.0	0.0	0.0	0.0	0.0	0.0	0.0	0.0	0.0	0.0	0.0	0.0	0.0	0.0	0.0	0.0	0.0	0.0	0.0	0.0
Neisseria_sicca	0.0	0.0	0.0	0.0	34113.0	0.0	0.0	0.0	0.0	0.0	0.0	0.0	0.0	0.0	0.0	0.0	0.0	0.0	0.0	0.0	0.0	0.0	0.0	0.0	0.0	0.0	0.0	0.0	0.0	0.0	0.0	0.0	0.0	0.0	0.0	0.0	0.0	1553.0	0.0	0.0	0.0	0.0	0.0	0.0	0.0	0.0	0.0	0.0	0.0	0.0
Neisseria_sp._HMSC077D05	0.0	2021.0	0.0	0.0	0.0	0.0	0.0	0.0	0.0	0.0	0.0	0.0	0.0	0.0	0.0	0.0	0.0	0.0	0.0	0.0	0.0	0.0	0.0	0.0	0.0	0.0	0.0	0.0	0.0	0.0	0.0	0.0	0.0	0.0	0.0	0.0	0.0	0.0	0.0	0.0	0.0	0.0	0.0	0.0	0.0	0.0	0.0	0.0	0.0	0.0
Neisseria_sp._oral_taxon_014	1843.0	4915.0	0.0	0.0	2322.0	29077.0	0.0	4473.0	0.0	0.0	0.0	0.0	0.0	0.0	0.0	0.0	7614.0	0.0	0.0	7937.0	0.0	0.0	0.0	22458.0	0.0	0.0	0.0	0.0	1878.0	4259.0	0.0	0.0	0.0	0.0	0.0	0.0	5416.0	11862.0	0.0	0.0	17217.0	6973.0	0.0	0.0	0.0	0.0	10051.0	6878.0	0.0	12722.0
Neisseria_sp._oral_taxon_020	0.0	0.0	0.0	0.0	1516.0	0.0	0.0	0.0	0.0	0.0	0.0	0.0	0.0	0.0	0.0	0.0	0.0	0.0	0.0	0.0	0.0	0.0	0.0	0.0	0.0	0.0	0.0	0.0	0.0	0.0	0.0	0.0	0.0	0.0	0.0	0.0	0.0	0.0	0.0	0.0	0.0	0.0	0.0	0.0	0.0	0.0	0.0	0.0	0.0	0.0
Olsenella_sp._oral_taxon_807	8263.0	0.0	5989.0	26539.0	0.0	5891.0	0.0	0.0	4841.0	8537.0	0.0	0.0	0.0	0.0	0.0	0.0	0.0	0.0	0.0	46154.0	0.0	0.0	0.0	10371.0	0.0	0.0	27009.0	0.0	0.0	0.0	0.0	0.0	0.0	0.0	2197.0	0.0	0.0	5928.0	0.0	289579.0	44484.0	9980.0	188215.0	288541.0	463685.0	1401.0	507661.0	117527.0	582343.0	407935.0
Olsenella_uli	0.0	0.0	0.0	2666.0	0.0	0.0	0.0	0.0	0.0	0.0	0.0	0.0	0.0	0.0	0.0	0.0	0.0	0.0	0.0	0.0	0.0	0.0	0.0	0.0	0.0	0.0	0.0	0.0	0.0	0.0	0.0	0.0	0.0	0.0	0.0	0.0	0.0	0.0	0.0	1450.0	0.0	0.0	0.0	0.0	0.0	0.0	0.0	0.0	0.0	2314.0
Oribacterium_sp._oral_taxon_078	0.0	0.0	0.0	0.0	0.0	0.0	0.0	0.0	0.0	0.0	6480.0	18418.0	0.0	0.0	0.0	0.0	15399.0	4101.0	0.0	3020.0	0.0	2031.0	0.0	5831.0	0.0	1679.0	10035.0	0.0	0.0	35640.0	0.0	2980.0	0.0	0.0	13876.0	0.0	0.0	0.0	0.0	0.0	0.0	0.0	0.0	0.0	0.0	0.0	0.0	0.0	0.0	0.0
Ottowia_sp._oral_taxon_894	0.0	6268.0	0.0	0.0	24666.0	0.0	2367.0	0.0	4792.0	0.0	0.0	0.0	0.0	0.0	0.0	0.0	0.0	0.0	0.0	0.0	0.0	0.0	0.0	0.0	0.0	0.0	0.0	0.0	0.0	0.0	0.0	0.0	0.0	0.0	0.0	0.0	0.0	0.0	0.0	0.0	0.0	0.0	0.0	0.0	0.0	0.0	0.0	0.0	0.0	0.0
Parvimonas_micra	0.0	0.0	0.0	2713.0	0.0	1517.0	0.0	0.0	0.0	5011.0	0.0	5952.0	0.0	0.0	0.0	0.0	4363.0	2216.0	0.0	2231.0	0.0	4026.0	0.0	0.0	0.0	0.0	0.0	0.0	6200.0	0.0	0.0	3473.0	0.0	0.0	0.0	0.0	0.0	1948.0	0.0	1815.0	3965.0	17273.0	1778.0	3593.0	4195.0	0.0	17243.0	5480.0	0.0	5078.0
Peptoniphilus_sp._oral_taxon_386	0.0	0.0	0.0	0.0	0.0	0.0	0.0	0.0	0.0	0.0	0.0	0.0	0.0	0.0	0.0	0.0	0.0	0.0	0.0	0.0	0.0	0.0	0.0	0.0	0.0	0.0	0.0	0.0	0.0	0.0	0.0	0.0	0.0	0.0	0.0	0.0	0.0	0.0	0.0	2945.0	0.0	0.0	0.0	0.0	2734.0	0.0	0.0	0.0	0.0	0.0
Peptostreptococcaceae_bacterium_oral_taxon_113	0.0	0.0	0.0	0.0	0.0	0.0	0.0	0.0	0.0	0.0	0.0	0.0	0.0	0.0	0.0	0.0	0.0	0.0	0.0	0.0	0.0	0.0	0.0	0.0	0.0	0.0	0.0	0.0	0.0	0.0	0.0	0.0	0.0	0.0	0.0	0.0	0.0	0.0	0.0	36680.0	10391.0	6105.0	64928.0	4548.0	12898.0	5506.0	3022.0	28117.0	12812.0	4258.0
Phocaeicola_abscessus	0.0	0.0	0.0	2343.0	0.0	0.0	0.0	0.0	0.0	0.0	20433.0	2196.0	0.0	0.0	0.0	0.0	0.0	0.0	0.0	0.0	0.0	0.0	0.0	0.0	0.0	0.0	0.0	0.0	0.0	0.0	0.0	0.0	0.0	0.0	0.0	0.0	0.0	0.0	0.0	8546.0	3282.0	0.0	0.0	0.0	0.0	0.0	10871.0	0.0	7241.0	9014.0
Porphyromonas_catoniae	0.0	10281.0	0.0	1631.0	6858.0	0.0	8724.0	15898.0	12398.0	0.0	0.0	17693.0	0.0	0.0	0.0	0.0	17890.0	0.0	0.0	0.0	0.0	0.0	0.0	5225.0	0.0	10933.0	0.0	0.0	0.0	0.0	0.0	5396.0	0.0	0.0	26277.0	0.0	0.0	4613.0	0.0	0.0	0.0	0.0	0.0	0.0	0.0	0.0	0.0	0.0	0.0	0.0
Porphyromonas_gingivalis	0.0	0.0	0.0	0.0	0.0	0.0	0.0	0.0	0.0	0.0	156915.0	3415.0	0.0	0.0	0.0	0.0	0.0	5490.0	0.0	0.0	0.0	0.0	0.0	0.0	0.0	0.0	0.0	0.0	0.0	0.0	0.0	3797.0	0.0	0.0	0.0	0.0	0.0	0.0	0.0	7489.0	5754.0	13328.0	6158.0	1955.0	3002.0	2107.0	4222.0	3577.0	2735.0	0.0
Porphyromonas_sp._KLE_1280	2143.0	5705.0	1758.0	0.0	1930.0	5076.0	2404.0	6671.0	5446.0	0.0	0.0	0.0	0.0	0.0	0.0	0.0	5485.0	2414.0	0.0	0.0	0.0	0.0	0.0	10635.0	3877.0	5114.0	0.0	0.0	0.0	0.0	0.0	1870.0	11093.0	0.0	0.0	0.0	0.0	8967.0	0.0	0.0	0.0	0.0	0.0	0.0	0.0	0.0	0.0	0.0	0.0	0.0
Porphyromonas_sp._oral_taxon_278	2083.0	1929.0	0.0	0.0	5151.0	0.0	0.0	0.0	9041.0	1615.0	0.0	1545.0	0.0	0.0	0.0	0.0	9105.0	0.0	0.0	0.0	0.0	0.0	0.0	10585.0	0.0	0.0	0.0	0.0	3472.0	2840.0	0.0	0.0	0.0	0.0	6109.0	0.0	0.0	4997.0	0.0	0.0	5095.0	8160.0	0.0	0.0	0.0	0.0	5701.0	2276.0	0.0	0.0
Prevotella_conceptionensis	5842.0	2685.0	4078.0	0.0	0.0	0.0	0.0	0.0	0.0	0.0	2525.0	5794.0	0.0	0.0	0.0	0.0	0.0	0.0	0.0	4633.0	0.0	0.0	0.0	28120.0	0.0	0.0	1577.0	0.0	32171.0	3823.0	0.0	0.0	0.0	0.0	10991.0	0.0	0.0	25075.0	0.0	0.0	0.0	0.0	0.0	0.0	0.0	0.0	0.0	0.0	0.0	0.0
Prevotella_denticola	0.0	0.0	0.0	0.0	0.0	26277.0	0.0	0.0	0.0	55976.0	3091.0	6312.0	0.0	0.0	0.0	0.0	3815.0	29746.0	0.0	28423.0	0.0	1500.0	0.0	2485.0	0.0	18492.0	23622.0	0.0	19147.0	80702.0	0.0	5134.0	0.0	0.0	18659.0	0.0	2939.0	15666.0	0.0	0.0	0.0	0.0	0.0	0.0	0.0	0.0	0.0	0.0	0.0	0.0
Prevotella_enoeca	0.0	0.0	3155.0	16812.0	0.0	2400.0	0.0	0.0	5830.0	8306.0	5556.0	0.0	0.0	0.0	0.0	0.0	0.0	0.0	0.0	0.0	0.0	0.0	0.0	6065.0	0.0	0.0	4428.0	0.0	8386.0	0.0	0.0	0.0	0.0	0.0	6296.0	0.0	0.0	0.0	0.0	0.0	0.0	0.0	0.0	0.0	0.0	0.0	0.0	0.0	0.0	0.0
Prevotella_intermedia	0.0	0.0	0.0	60409.0	34387.0	0.0	0.0	0.0	73595.0	7408.0	2706.0	0.0	0.0	0.0	0.0	0.0	0.0	0.0	0.0	8181.0	0.0	0.0	0.0	0.0	0.0	0.0	0.0	0.0	10850.0	2224.0	0.0	0.0	0.0	0.0	0.0	0.0	0.0	0.0	0.0	0.0	8310.0	2800.0	0.0	1835.0	0.0	0.0	4832.0	0.0	0.0	0.0
Prevotella_loescheii	0.0	0.0	1690.0	0.0	1698.0	3284.0	0.0	0.0	0.0	0.0	0.0	8253.0	0.0	0.0	0.0	0.0	0.0	0.0	0.0	2442.0	0.0	2494.0	0.0	0.0	0.0	1918.0	4845.0	0.0	3015.0	0.0	0.0	0.0	0.0	0.0	0.0	0.0	0.0	3538.0	0.0	0.0	0.0	0.0	0.0	0.0	0.0	0.0	0.0	0.0	0.0	0.0
Prevotella_maculosa	4327.0	0.0	2826.0	5492.0	0.0	1776.0	0.0	5812.0	0.0	20408.0	4695.0	21402.0	0.0	0.0	0.0	0.0	27272.0	4213.0	0.0	24361.0	0.0	4640.0	0.0	15192.0	0.0	6993.0	13030.0	0.0	6523.0	7096.0	0.0	3526.0	0.0	0.0	11904.0	0.0	0.0	13861.0	0.0	0.0	0.0	0.0	0.0	0.0	0.0	0.0	4532.0	0.0	0.0	0.0
Prevotella_marshii	0.0	0.0	0.0	0.0	0.0	0.0	0.0	0.0	0.0	0.0	0.0	2264.0	0.0	0.0	0.0	0.0	1794.0	0.0	0.0	2793.0	0.0	0.0	0.0	0.0	0.0	0.0	5607.0	0.0	2163.0	0.0	0.0	0.0	0.0	0.0	1989.0	0.0	0.0	0.0	0.0	0.0	0.0	0.0	0.0	0.0	0.0	0.0	0.0	0.0	0.0	0.0
Prevotella_melaninogenica	0.0	0.0	0.0	0.0	0.0	20100.0	0.0	0.0	0.0	0.0	0.0	3639.0	0.0	0.0	0.0	0.0	0.0	15790.0	5425.0	4122.0	0.0	9323.0	0.0	4600.0	0.0	28487.0	0.0	0.0	5501.0	11890.0	0.0	10758.0	10770.0	0.0	2247.0	0.0	9508.0	14058.0	0.0	0.0	0.0	0.0	0.0	0.0	0.0	0.0	0.0	0.0	0.0	0.0
Prevotella_micans	0.0	0.0	0.0	1926.0	0.0	0.0	0.0	0.0	0.0	0.0	3498.0	9346.0	0.0	0.0	0.0	0.0	0.0	0.0	0.0	2231.0	0.0	0.0	0.0	0.0	0.0	0.0	0.0	0.0	26030.0	0.0	0.0	0.0	0.0	0.0	0.0	0.0	0.0	6418.0	0.0	0.0	0.0	0.0	0.0	0.0	0.0	0.0	0.0	0.0	0.0	0.0
Prevotella_multiformis	0.0	0.0	0.0	0.0	0.0	0.0	0.0	0.0	0.0	1828.0	2546.0	0.0	0.0	0.0	0.0	0.0	0.0	0.0	0.0	0.0	0.0	2317.0	0.0	0.0	0.0	0.0	0.0	0.0	1712.0	2321.0	0.0	0.0	0.0	0.0	0.0	0.0	0.0	0.0	0.0	0.0	0.0	0.0	0.0	0.0	0.0	0.0	0.0	0.0	0.0	0.0
Prevotella_nigrescens	0.0	4141.0	21673.0	2706.0	0.0	49789.0	3921.0	60493.0	0.0	4146.0	13531.0	11043.0	0.0	0.0	0.0	0.0	27524.0	19046.0	3202.0	0.0	0.0	9812.0	0.0	2571.0	0.0	22347.0	3544.0	0.0	6850.0	67862.0	0.0	12769.0	0.0	0.0	20107.0	0.0	0.0	20567.0	0.0	0.0	0.0	0.0	0.0	0.0	0.0	0.0	0.0	0.0	0.0	0.0
Prevotella_oralis	0.0	0.0	0.0	9326.0	0.0	0.0	0.0	0.0	0.0	5688.0	6185.0	7484.0	0.0	0.0	0.0	0.0	0.0	0.0	0.0	0.0	0.0	0.0	0.0	2884.0	0.0	0.0	0.0	0.0	5669.0	6341.0	0.0	0.0	0.0	0.0	0.0	0.0	0.0	1653.0	0.0	0.0	0.0	0.0	0.0	0.0	0.0	0.0	0.0	0.0	0.0	0.0
Prevotella_oris	0.0	0.0	9372.0	12255.0	3518.0	14034.0	0.0	0.0	1658.0	12157.0	18273.0	49531.0	0.0	0.0	0.0	0.0	13595.0	33992.0	0.0	18378.0	0.0	13771.0	0.0	45103.0	0.0	31428.0	5261.0	0.0	19317.0	23737.0	0.0	56811.0	0.0	0.0	14862.0	0.0	0.0	16576.0	0.0	0.0	0.0	0.0	0.0	0.0	0.0	0.0	0.0	0.0	0.0	0.0
Prevotella_oulorum	2752.0	0.0	0.0	0.0	0.0	0.0	0.0	0.0	0.0	41007.0	3656.0	9242.0	0.0	0.0	0.0	0.0	44276.0	41834.0	0.0	89719.0	0.0	31092.0	0.0	5911.0	0.0	50592.0	8976.0	0.0	3711.0	55716.0	0.0	149599.0	0.0	0.0	19854.0	0.0	0.0	12123.0	0.0	0.0	0.0	0.0	0.0	0.0	0.0	0.0	0.0	0.0	0.0	0.0
Prevotella_saccharolytica	0.0	0.0	3929.0	2959.0	0.0	2200.0	0.0	11275.0	0.0	0.0	4250.0	25397.0	0.0	0.0	0.0	0.0	0.0	0.0	0.0	8098.0	0.0	0.0	0.0	5823.0	0.0	0.0	10332.0	0.0	7002.0	2511.0	0.0	0.0	0.0	0.0	9480.0	0.0	0.0	7972.0	0.0	0.0	4620.0	0.0	0.0	2041.0	0.0	0.0	5276.0	0.0	4449.0	0.0
Prevotella_salivae	0.0	0.0	0.0	0.0	0.0	0.0	0.0	5583.0	0.0	5339.0	0.0	4453.0	0.0	0.0	0.0	0.0	0.0	5166.0	0.0	5491.0	0.0	0.0	0.0	2514.0	0.0	3328.0	0.0	0.0	4935.0	8024.0	0.0	16455.0	0.0	0.0	0.0	0.0	0.0	0.0	0.0	0.0	0.0	0.0	0.0	0.0	0.0	0.0	0.0	0.0	0.0	0.0
Prevotella_sp._F0091	0.0	0.0	5833.0	1639.0	1948.0	0.0	0.0	0.0	0.0	0.0	0.0	0.0	0.0	0.0	0.0	0.0	0.0	0.0	0.0	0.0	0.0	0.0	0.0	0.0	0.0	1629.0	0.0	0.0	0.0	0.0	0.0	0.0	0.0	0.0	2318.0	0.0	0.0	3980.0	0.0	0.0	0.0	0.0	0.0	0.0	0.0	0.0	0.0	0.0	0.0	0.0
Prevotella_sp._HMSC073D09	3808.0	1507.0	2791.0	0.0	0.0	0.0	0.0	0.0	0.0	0.0	0.0	3404.0	0.0	0.0	0.0	0.0	0.0	0.0	0.0	2750.0	0.0	0.0	0.0	4485.0	0.0	0.0	0.0	0.0	10260.0	2648.0	0.0	0.0	0.0	0.0	7069.0	0.0	0.0	13271.0	0.0	0.0	0.0	0.0	0.0	0.0	0.0	0.0	0.0	0.0	0.0	0.0
Prevotella_sp._oral_taxon_317	24851.0	9074.0	21374.0	4729.0	0.0	0.0	0.0	4119.0	0.0	0.0	7318.0	21714.0	0.0	0.0	0.0	0.0	1700.0	0.0	0.0	10811.0	0.0	0.0	0.0	9020.0	0.0	2042.0	9524.0	0.0	26959.0	9582.0	0.0	2280.0	0.0	0.0	44357.0	0.0	0.0	81772.0	0.0	0.0	2747.0	3108.0	0.0	1738.0	0.0	0.0	0.0	0.0	0.0	0.0
Prevotella_sp._oral_taxon_472	0.0	3227.0	4860.0	4004.0	4725.0	11020.0	0.0	0.0	3745.0	0.0	0.0	26018.0	0.0	0.0	0.0	0.0	0.0	1938.0	0.0	7465.0	0.0	8149.0	0.0	2731.0	0.0	7725.0	15316.0	0.0	7504.0	1725.0	0.0	2135.0	0.0	0.0	2489.0	0.0	0.0	10750.0	0.0	0.0	12684.0	7548.0	0.0	3262.0	0.0	0.0	16778.0	3054.0	3036.0	3966.0
Prevotella_veroralis	0.0	0.0	0.0	0.0	0.0	19603.0	0.0	18423.0	0.0	22915.0	7781.0	9522.0	0.0	0.0	0.0	0.0	100552.0	14977.0	0.0	2644.0	0.0	5990.0	0.0	0.0	0.0	16317.0	0.0	0.0	8445.0	8686.0	0.0	32884.0	0.0	0.0	2074.0	0.0	0.0	2342.0	0.0	0.0	0.0	0.0	0.0	0.0	0.0	0.0	0.0	0.0	0.0	0.0
Propionibacterium_sp._HMSC062D02	0.0	0.0	0.0	0.0	0.0	0.0	0.0	0.0	0.0	0.0	0.0	0.0	0.0	7678.0	0.0	0.0	0.0	0.0	0.0	0.0	0.0	0.0	15898.0	0.0	13144.0	0.0	0.0	0.0	0.0	0.0	0.0	0.0	14350.0	0.0	0.0	20764.0	0.0	0.0	0.0	0.0	0.0	0.0	0.0	0.0	0.0	0.0	0.0	0.0	0.0	0.0
Propionibacterium_sp._oral_taxon_192	0.0	0.0	0.0	0.0	0.0	0.0	0.0	0.0	0.0	0.0	0.0	0.0	0.0	0.0	0.0	0.0	0.0	0.0	0.0	0.0	0.0	0.0	0.0	0.0	0.0	0.0	0.0	0.0	0.0	0.0	0.0	0.0	0.0	0.0	0.0	0.0	0.0	0.0	0.0	0.0	0.0	0.0	2555.0	2470.0	0.0	0.0	0.0	12538.0	0.0	2383.0
Pseudoleptotrichia_goodfellowii	0.0	0.0	0.0	0.0	0.0	0.0	0.0	1657.0	0.0	0.0	0.0	2017.0	0.0	0.0	0.0	0.0	0.0	0.0	0.0	0.0	0.0	0.0	0.0	0.0	0.0	0.0	0.0	0.0	0.0	0.0	0.0	0.0	0.0	0.0	0.0	0.0	0.0	0.0	0.0	0.0	0.0	0.0	0.0	0.0	0.0	0.0	0.0	0.0	0.0	0.0
Pseudomonas_aeruginosa	0.0	0.0	0.0	0.0	0.0	0.0	0.0	0.0	0.0	1954.0	0.0	0.0	0.0	0.0	0.0	0.0	0.0	0.0	0.0	0.0	0.0	0.0	39963.0	0.0	0.0	0.0	0.0	0.0	0.0	0.0	0.0	0.0	10860.0	0.0	0.0	0.0	10607.0	0.0	0.0	0.0	0.0	0.0	0.0	0.0	0.0	0.0	0.0	0.0	0.0	0.0
Pseudomonas_monteilii	0.0	0.0	0.0	0.0	0.0	0.0	0.0	0.0	0.0	0.0	0.0	0.0	0.0	0.0	0.0	0.0	0.0	0.0	0.0	0.0	0.0	0.0	0.0	0.0	0.0	0.0	0.0	0.0	0.0	0.0	0.0	0.0	15740.0	0.0	0.0	0.0	2614.0	0.0	0.0	0.0	0.0	0.0	0.0	0.0	0.0	0.0	0.0	0.0	0.0	0.0
Pseudomonas_putida	0.0	0.0	0.0	0.0	0.0	0.0	0.0	0.0	0.0	2447.0	0.0	0.0	0.0	0.0	0.0	0.0	0.0	0.0	0.0	0.0	0.0	0.0	23937.0	0.0	0.0	0.0	0.0	0.0	0.0	0.0	0.0	0.0	17739.0	0.0	0.0	8357.0	17867.0	0.0	0.0	0.0	0.0	0.0	0.0	0.0	0.0	0.0	0.0	0.0	0.0	0.0
Pseudoramibacter_alactolyticus	0.0	0.0	0.0	0.0	0.0	0.0	0.0	0.0	0.0	0.0	1734.0	0.0	0.0	0.0	0.0	0.0	0.0	0.0	0.0	0.0	0.0	0.0	0.0	0.0	0.0	0.0	0.0	0.0	0.0	0.0	0.0	0.0	0.0	0.0	0.0	0.0	0.0	0.0	0.0	0.0	0.0	0.0	0.0	0.0	0.0	0.0	0.0	0.0	0.0	0.0
Rothia_aeria	6605.0	41462.0	18128.0	16585.0	10968.0	22363.0	20737.0	0.0	0.0	0.0	0.0	0.0	0.0	0.0	0.0	0.0	0.0	0.0	0.0	4997.0	0.0	0.0	0.0	3844.0	8471.0	0.0	0.0	0.0	0.0	0.0	0.0	0.0	8133.0	0.0	0.0	0.0	0.0	0.0	0.0	0.0	0.0	0.0	0.0	0.0	0.0	0.0	0.0	0.0	0.0	0.0
Salmonella_enterica	0.0	0.0	0.0	0.0	0.0	0.0	0.0	0.0	0.0	3049.0	0.0	0.0	0.0	0.0	0.0	0.0	1994.0	2787.0	0.0	0.0	0.0	0.0	0.0	0.0	0.0	0.0	3278.0	0.0	2280.0	0.0	0.0	0.0	0.0	0.0	0.0	0.0	0.0	0.0	0.0	0.0	0.0	0.0	0.0	0.0	0.0	0.0	0.0	0.0	0.0	0.0
Scardovia_wiggsiae	0.0	0.0	0.0	0.0	0.0	0.0	0.0	0.0	0.0	1902.0	0.0	0.0	0.0	0.0	0.0	0.0	0.0	0.0	0.0	0.0	0.0	0.0	0.0	40941.0	0.0	2394.0	0.0	0.0	0.0	5739.0	0.0	7728.0	0.0	0.0	0.0	0.0	0.0	0.0	0.0	0.0	0.0	0.0	0.0	0.0	0.0	0.0	0.0	0.0	0.0	0.0
Schaalia_cardiffensis	0.0	0.0	0.0	0.0	0.0	0.0	0.0	0.0	0.0	0.0	0.0	0.0	0.0	0.0	0.0	0.0	0.0	0.0	0.0	0.0	0.0	0.0	0.0	0.0	0.0	0.0	0.0	0.0	0.0	0.0	0.0	0.0	0.0	0.0	0.0	0.0	0.0	0.0	0.0	2214.0	4130.0	7827.0	15834.0	1887.0	5407.0	20833.0	13099.0	2126.0	7733.0	6260.0
Schaalia_georgiae	2846.0	0.0	2746.0	0.0	0.0	0.0	0.0	1646.0	2043.0	0.0	0.0	0.0	0.0	0.0	0.0	0.0	0.0	0.0	0.0	0.0	0.0	0.0	0.0	0.0	0.0	0.0	0.0	0.0	0.0	0.0	0.0	0.0	0.0	0.0	0.0	0.0	0.0	0.0	0.0	0.0	0.0	0.0	3293.0	4398.0	0.0	1874.0	4457.0	7993.0	6035.0	0.0
Schaalia_meyeri	0.0	0.0	0.0	1906.0	0.0	1897.0	2221.0	0.0	0.0	0.0	0.0	0.0	0.0	0.0	0.0	0.0	0.0	0.0	0.0	0.0	0.0	0.0	0.0	0.0	0.0	0.0	0.0	0.0	0.0	0.0	0.0	0.0	0.0	0.0	0.0	0.0	0.0	0.0	0.0	5573.0	0.0	0.0	4265.0	0.0	0.0	910.0	0.0	0.0	0.0	0.0
Schaalia_odontolytica	0.0	0.0	2484.0	0.0	0.0	0.0	2634.0	6660.0	5120.0	0.0	0.0	0.0	0.0	0.0	0.0	0.0	0.0	0.0	0.0	0.0	0.0	0.0	0.0	0.0	0.0	0.0	0.0	0.0	0.0	0.0	0.0	0.0	0.0	0.0	0.0	0.0	0.0	0.0	0.0	0.0	7421.0	12028.0	0.0	0.0	0.0	1735.0	5751.0	0.0	0.0	0.0
Schaalia_suimastitidis	0.0	0.0	0.0	0.0	0.0	0.0	0.0	0.0	0.0	0.0	0.0	0.0	0.0	0.0	0.0	0.0	0.0	0.0	0.0	0.0	0.0	0.0	0.0	0.0	0.0	0.0	0.0	0.0	0.0	0.0	0.0	0.0	0.0	0.0	0.0	0.0	0.0	0.0	0.0	0.0	0.0	0.0	0.0	0.0	0.0	591.0	0.0	0.0	0.0	0.0
Selenomonas_artemidis	0.0	0.0	4113.0	0.0	0.0	0.0	0.0	3892.0	0.0	0.0	0.0	0.0	0.0	0.0	0.0	0.0	2544.0	0.0	0.0	0.0	0.0	0.0	0.0	0.0	0.0	2548.0	0.0	0.0	0.0	0.0	0.0	1750.0	0.0	0.0	0.0	0.0	0.0	0.0	0.0	0.0	0.0	0.0	0.0	0.0	0.0	0.0	0.0	0.0	0.0	0.0
Selenomonas_flueggei	0.0	0.0	0.0	0.0	0.0	0.0	0.0	0.0	0.0	2484.0	0.0	0.0	0.0	0.0	0.0	0.0	0.0	0.0	0.0	8016.0	0.0	0.0	0.0	2511.0	0.0	0.0	0.0	0.0	0.0	3641.0	0.0	15128.0	0.0	0.0	0.0	0.0	0.0	0.0	0.0	0.0	0.0	0.0	0.0	0.0	0.0	0.0	0.0	0.0	0.0	0.0
Selenomonas_infelix	0.0	0.0	3728.0	0.0	0.0	4582.0	0.0	7869.0	3209.0	0.0	0.0	0.0	0.0	0.0	0.0	0.0	0.0	12059.0	0.0	2541.0	0.0	5011.0	0.0	0.0	0.0	4625.0	0.0	0.0	15630.0	0.0	0.0	0.0	0.0	0.0	1585.0	0.0	0.0	0.0	0.0	0.0	0.0	0.0	0.0	0.0	0.0	0.0	0.0	0.0	0.0	0.0
Selenomonas_noxia	2745.0	20897.0	5407.0	0.0	0.0	4530.0	0.0	0.0	0.0	4895.0	0.0	1879.0	0.0	0.0	0.0	0.0	6915.0	6306.0	0.0	20165.0	0.0	4597.0	0.0	17745.0	0.0	13982.0	2029.0	0.0	4828.0	6477.0	0.0	9240.0	0.0	0.0	5531.0	0.0	2056.0	15445.0	0.0	0.0	0.0	0.0	0.0	0.0	0.0	0.0	0.0	0.0	0.0	0.0
Selenomonas_sp._oral_taxon_126	0.0	0.0	6174.0	3227.0	0.0	0.0	0.0	1823.0	2495.0	0.0	0.0	0.0	0.0	0.0	0.0	0.0	0.0	0.0	0.0	0.0	0.0	0.0	0.0	0.0	0.0	0.0	0.0	0.0	0.0	0.0	0.0	0.0	0.0	0.0	0.0	0.0	0.0	0.0	0.0	0.0	0.0	0.0	0.0	0.0	0.0	0.0	0.0	0.0	0.0	0.0
Selenomonas_sp._oral_taxon_892	0.0	0.0	0.0	0.0	1752.0	2198.0	0.0	14275.0	3158.0	0.0	0.0	0.0	0.0	0.0	0.0	0.0	0.0	0.0	0.0	0.0	0.0	0.0	0.0	0.0	0.0	0.0	0.0	0.0	0.0	0.0	0.0	0.0	0.0	0.0	0.0	0.0	0.0	0.0	0.0	0.0	14233.0	5532.0	0.0	3751.0	0.0	0.0	6092.0	4857.0	3306.0	5701.0
Selenomonas_sp._oral_taxon_920	0.0	0.0	1747.0	0.0	0.0	0.0	0.0	4550.0	0.0	0.0	0.0	0.0	0.0	0.0	0.0	0.0	0.0	0.0	0.0	0.0	0.0	0.0	0.0	0.0	0.0	0.0	0.0	0.0	0.0	0.0	0.0	0.0	0.0	0.0	0.0	0.0	0.0	0.0	0.0	0.0	0.0	0.0	0.0	0.0	0.0	0.0	0.0	0.0	0.0	0.0
Selenomonas_sputigena	0.0	0.0	1879.0	8464.0	0.0	0.0	0.0	6859.0	1561.0	8895.0	1956.0	0.0	0.0	0.0	0.0	0.0	0.0	4845.0	0.0	20574.0	0.0	0.0	0.0	4958.0	0.0	5118.0	1653.0	0.0	2050.0	0.0	0.0	7377.0	0.0	0.0	1662.0	0.0	0.0	2391.0	0.0	2169.0	6325.0	0.0	4743.0	0.0	0.0	0.0	15829.0	0.0	11097.0	13384.0
Slackia_exigua	0.0	0.0	0.0	0.0	0.0	0.0	0.0	0.0	0.0	0.0	0.0	0.0	0.0	0.0	0.0	0.0	0.0	0.0	0.0	0.0	0.0	0.0	0.0	0.0	0.0	0.0	0.0	0.0	0.0	0.0	0.0	0.0	0.0	0.0	0.0	0.0	0.0	0.0	0.0	1606.0	0.0	3993.0	4325.0	0.0	2383.0	1367.0	12937.0	0.0	4429.0	7008.0
Solobacterium_moorei	0.0	0.0	2431.0	0.0	1978.0	1572.0	0.0	1640.0	0.0	0.0	4847.0	5076.0	0.0	0.0	0.0	0.0	8075.0	3454.0	0.0	0.0	0.0	9790.0	0.0	1997.0	0.0	0.0	0.0	0.0	2538.0	11503.0	0.0	2856.0	0.0	0.0	4409.0	0.0	0.0	3508.0	0.0	0.0	0.0	0.0	0.0	0.0	0.0	0.0	0.0	0.0	0.0	0.0
Sphingobium_yanoikuyae	0.0	0.0	0.0	0.0	0.0	0.0	0.0	0.0	0.0	0.0	0.0	0.0	0.0	0.0	0.0	0.0	0.0	0.0	0.0	0.0	0.0	0.0	0.0	0.0	0.0	0.0	0.0	0.0	0.0	0.0	0.0	0.0	62866.0	0.0	0.0	0.0	0.0	0.0	0.0	0.0	0.0	0.0	0.0	0.0	0.0	0.0	0.0	0.0	0.0	0.0
Stenotrophomonas_maltophilia	0.0	0.0	0.0	0.0	0.0	0.0	0.0	0.0	0.0	0.0	0.0	0.0	0.0	13206.0	0.0	0.0	0.0	0.0	0.0	0.0	0.0	0.0	27163.0	0.0	0.0	0.0	0.0	0.0	0.0	0.0	0.0	0.0	180249.0	0.0	0.0	37747.0	6034.0	0.0	0.0	0.0	0.0	0.0	0.0	0.0	0.0	0.0	0.0	0.0	0.0	0.0
Stomatobaculum_longum	0.0	0.0	0.0	0.0	0.0	0.0	0.0	0.0	0.0	0.0	0.0	0.0	0.0	0.0	0.0	0.0	0.0	0.0	0.0	0.0	0.0	0.0	0.0	0.0	0.0	0.0	0.0	0.0	0.0	0.0	0.0	0.0	0.0	0.0	0.0	0.0	0.0	0.0	0.0	0.0	0.0	0.0	0.0	0.0	0.0	0.0	3268.0	0.0	0.0	0.0
Streptococcus_anginosus	0.0	0.0	0.0	0.0	0.0	0.0	0.0	0.0	0.0	20895.0	0.0	0.0	0.0	0.0	0.0	0.0	0.0	34917.0	0.0	0.0	0.0	7337.0	0.0	0.0	0.0	0.0	28901.0	0.0	2191.0	2297.0	0.0	0.0	0.0	0.0	0.0	0.0	0.0	0.0	0.0	0.0	0.0	0.0	0.0	0.0	0.0	0.0	0.0	0.0	0.0	0.0
Streptococcus_cristatus	0.0	0.0	2484.0	0.0	0.0	0.0	2411.0	0.0	2910.0	3179.0	2350.0	2002.0	0.0	0.0	0.0	0.0	43737.0	2362.0	0.0	7561.0	0.0	29774.0	0.0	22349.0	0.0	9980.0	6677.0	0.0	3108.0	3979.0	0.0	10964.0	0.0	0.0	7528.0	0.0	0.0	21750.0	0.0	0.0	4255.0	16936.0	0.0	0.0	0.0	0.0	10874.0	0.0	2721.0	13820.0
Streptococcus_gordonii	0.0	0.0	0.0	0.0	0.0	0.0	0.0	0.0	0.0	0.0	0.0	1698.0	0.0	0.0	8099.0	0.0	4390.0	25472.0	6702.0	0.0	0.0	21876.0	0.0	13098.0	0.0	53317.0	1622.0	0.0	0.0	11195.0	0.0	47861.0	8710.0	0.0	24395.0	0.0	17633.0	5412.0	0.0	0.0	6021.0	12732.0	0.0	0.0	0.0	0.0	9563.0	0.0	0.0	2548.0
Streptococcus_intermedius	6201.0	1966.0	0.0	0.0	0.0	0.0	5932.0	0.0	1965.0	3226.0	0.0	7121.0	0.0	0.0	0.0	0.0	8814.0	29916.0	0.0	2398.0	0.0	28955.0	0.0	5713.0	0.0	0.0	11644.0	0.0	0.0	2459.0	0.0	2370.0	0.0	0.0	2942.0	0.0	0.0	1586.0	0.0	0.0	0.0	0.0	0.0	0.0	0.0	0.0	0.0	0.0	0.0	0.0
Streptococcus_mitis	0.0	0.0	0.0	0.0	0.0	0.0	0.0	1610.0	2448.0	0.0	0.0	0.0	0.0	12879.0	0.0	0.0	0.0	0.0	0.0	0.0	0.0	0.0	0.0	7722.0	17973.0	0.0	0.0	0.0	0.0	0.0	0.0	0.0	7719.0	0.0	0.0	0.0	3660.0	0.0	0.0	0.0	0.0	0.0	0.0	0.0	0.0	0.0	0.0	0.0	0.0	0.0
Streptococcus_mutans	0.0	0.0	0.0	0.0	0.0	0.0	0.0	0.0	0.0	2637.0	0.0	0.0	0.0	0.0	0.0	0.0	0.0	14012.0	0.0	0.0	0.0	13173.0	0.0	2557.0	0.0	0.0	0.0	0.0	0.0	3669.0	0.0	0.0	12042.0	0.0	12188.0	0.0	0.0	0.0	0.0	0.0	0.0	0.0	0.0	0.0	0.0	0.0	0.0	0.0	0.0	0.0
Streptococcus_oralis	22450.0	41987.0	9325.0	0.0	2520.0	48115.0	45022.0	25367.0	3017.0	7443.0	5492.0	3812.0	0.0	0.0	0.0	0.0	13842.0	41312.0	0.0	0.0	0.0	40316.0	0.0	40340.0	0.0	11935.0	0.0	0.0	12401.0	2376.0	0.0	0.0	4881.0	0.0	12909.0	0.0	28839.0	14954.0	0.0	0.0	7702.0	18044.0	0.0	0.0	0.0	0.0	10286.0	3300.0	0.0	5847.0
Streptococcus_parasanguinis	0.0	0.0	0.0	0.0	0.0	0.0	0.0	0.0	0.0	0.0	0.0	1702.0	0.0	0.0	0.0	0.0	0.0	0.0	0.0	1664.0	0.0	0.0	0.0	8081.0	0.0	2211.0	0.0	0.0	0.0	0.0	0.0	28042.0	0.0	0.0	2144.0	0.0	10533.0	0.0	0.0	0.0	0.0	0.0	0.0	0.0	0.0	0.0	0.0	0.0	0.0	0.0
Streptococcus_pneumoniae	4636.0	2334.0	11635.0	9360.0	2261.0	1833.0	5533.0	5343.0	3682.0	0.0	0.0	0.0	0.0	8157.0	0.0	0.0	0.0	1989.0	7195.0	0.0	0.0	1773.0	0.0	0.0	5255.0	0.0	0.0	0.0	0.0	0.0	0.0	0.0	8806.0	0.0	0.0	7769.0	12661.0	0.0	0.0	0.0	0.0	0.0	0.0	0.0	0.0	0.0	0.0	0.0	0.0	0.0
Streptococcus_sanguinis	0.0	23515.0	71345.0	27690.0	66971.0	17606.0	81681.0	11866.0	26621.0	4010.0	1893.0	19012.0	0.0	0.0	0.0	0.0	10140.0	7567.0	0.0	6703.0	0.0	7167.0	0.0	55961.0	9668.0	5459.0	6111.0	0.0	2212.0	61670.0	0.0	7610.0	7805.0	0.0	4821.0	0.0	0.0	12513.0	0.0	0.0	60772.0	75537.0	0.0	3318.0	0.0	0.0	32140.0	50239.0	3731.0	49110.0
Streptococcus_sp._DD04	0.0	0.0	0.0	0.0	0.0	0.0	0.0	0.0	0.0	0.0	0.0	0.0	0.0	0.0	0.0	0.0	0.0	0.0	0.0	0.0	0.0	0.0	0.0	0.0	0.0	0.0	0.0	0.0	0.0	0.0	0.0	0.0	0.0	0.0	0.0	0.0	0.0	0.0	0.0	4511.0	68608.0	280664.0	0.0	10888.0	0.0	0.0	151417.0	8746.0	21472.0	206762.0
Tannerella_forsythia	0.0	0.0	2171.0	8454.0	1514.0	5169.0	0.0	0.0	5090.0	0.0	140593.0	6420.0	0.0	0.0	0.0	0.0	1601.0	4187.0	0.0	0.0	0.0	0.0	0.0	1537.0	0.0	0.0	7436.0	0.0	2426.0	0.0	0.0	2087.0	0.0	0.0	1774.0	0.0	0.0	0.0	0.0	17059.0	74251.0	53785.0	20983.0	18494.0	18576.0	3770.0	49189.0	44976.0	21546.0	23084.0
Thermanaerovibrio_acidaminovorans	0.0	0.0	0.0	0.0	0.0	0.0	0.0	0.0	0.0	0.0	0.0	0.0	0.0	0.0	0.0	0.0	0.0	0.0	0.0	0.0	0.0	0.0	0.0	0.0	0.0	0.0	0.0	0.0	0.0	0.0	0.0	0.0	0.0	0.0	0.0	0.0	0.0	0.0	0.0	1367.0	0.0	0.0	0.0	0.0	0.0	0.0	0.0	0.0	0.0	0.0
Thiobacillus_denitrificans	0.0	0.0	0.0	0.0	0.0	0.0	0.0	0.0	0.0	0.0	0.0	0.0	0.0	0.0	0.0	40002.0	0.0	0.0	0.0	0.0	0.0	0.0	0.0	0.0	0.0	0.0	0.0	0.0	0.0	0.0	42888.0	0.0	0.0	11875.0	0.0	0.0	0.0	0.0	0.0	0.0	0.0	0.0	0.0	0.0	0.0	0.0	0.0	0.0	0.0	0.0
Treponema_denticola	0.0	0.0	0.0	14714.0	0.0	7466.0	0.0	0.0	0.0	0.0	53764.0	6576.0	0.0	0.0	0.0	0.0	0.0	0.0	0.0	0.0	0.0	0.0	0.0	0.0	0.0	4334.0	5836.0	0.0	36732.0	0.0	0.0	0.0	0.0	0.0	0.0	0.0	0.0	0.0	0.0	10895.0	16451.0	5039.0	19203.0	9531.0	16141.0	1654.0	5171.0	27605.0	5789.0	2604.0
Treponema_lecithinolyticum	0.0	0.0	0.0	2731.0	0.0	0.0	0.0	0.0	3250.0	0.0	6663.0	0.0	0.0	0.0	0.0	0.0	5892.0	0.0	0.0	9481.0	0.0	0.0	0.0	5552.0	0.0	1691.0	7654.0	0.0	0.0	0.0	0.0	2342.0	0.0	0.0	0.0	0.0	0.0	0.0	0.0	0.0	0.0	0.0	0.0	0.0	0.0	0.0	0.0	0.0	0.0	0.0
Treponema_maltophilum	0.0	0.0	1772.0	6360.0	0.0	1948.0	0.0	0.0	0.0	0.0	5837.0	0.0	0.0	0.0	0.0	0.0	0.0	0.0	0.0	2276.0	0.0	0.0	0.0	0.0	0.0	0.0	5008.0	0.0	2055.0	0.0	0.0	0.0	0.0	0.0	0.0	0.0	0.0	0.0	0.0	4031.0	7077.0	4853.0	6850.0	6106.0	5063.0	884.0	8825.0	9260.0	5575.0	3435.0
Treponema_medium	0.0	0.0	0.0	6145.0	0.0	1999.0	0.0	0.0	0.0	0.0	2928.0	2543.0	0.0	0.0	0.0	0.0	0.0	0.0	0.0	1586.0	0.0	0.0	0.0	0.0	0.0	1735.0	3115.0	0.0	2941.0	0.0	0.0	3106.0	0.0	0.0	0.0	0.0	0.0	0.0	0.0	0.0	0.0	0.0	0.0	0.0	0.0	0.0	0.0	0.0	0.0	0.0
Treponema_socranskii	4999.0	0.0	2045.0	24841.0	0.0	3434.0	0.0	1690.0	1687.0	3660.0	5919.0	6583.0	0.0	0.0	0.0	0.0	2244.0	1734.0	0.0	27193.0	0.0	0.0	0.0	20532.0	0.0	6723.0	26909.0	0.0	5961.0	0.0	0.0	22513.0	0.0	0.0	3565.0	0.0	0.0	7923.0	0.0	13582.0	13442.0	6391.0	11478.0	10083.0	19864.0	2089.0	13966.0	12846.0	15396.0	6738.0
Treponema_sp._OMZ_838	0.0	0.0	0.0	4982.0	1607.0	1663.0	0.0	0.0	0.0	0.0	1853.0	2380.0	0.0	0.0	0.0	0.0	0.0	0.0	0.0	1687.0	0.0	0.0	0.0	0.0	0.0	1833.0	2548.0	0.0	3085.0	0.0	0.0	3408.0	0.0	0.0	0.0	0.0	0.0	1541.0	0.0	0.0	0.0	0.0	0.0	0.0	0.0	0.0	0.0	0.0	0.0	0.0
Veillonella_dispar	0.0	0.0	0.0	0.0	0.0	0.0	0.0	0.0	0.0	0.0	0.0	0.0	0.0	0.0	0.0	0.0	0.0	3637.0	0.0	0.0	0.0	5989.0	0.0	0.0	0.0	0.0	0.0	0.0	0.0	1803.0	0.0	2138.0	12190.0	0.0	1595.0	0.0	3303.0	0.0	0.0	0.0	0.0	0.0	0.0	0.0	0.0	0.0	0.0	0.0	0.0	0.0
Veillonella_parvula	4188.0	8087.0	20888.0	4786.0	0.0	29398.0	4279.0	10700.0	3436.0	5839.0	70436.0	27809.0	0.0	0.0	12642.0	0.0	42928.0	135728.0	5931.0	26571.0	0.0	201419.0	0.0	70557.0	0.0	17793.0	6631.0	0.0	8573.0	132231.0	0.0	35549.0	8340.0	0.0	62369.0	0.0	69338.0	22804.0	0.0	0.0	0.0	0.0	0.0	0.0	0.0	0.0	0.0	0.0	0.0	0.0
Veillonella_sp._3_1_44	0.0	0.0	0.0	0.0	0.0	0.0	0.0	0.0	0.0	0.0	0.0	0.0	0.0	0.0	0.0	0.0	0.0	4299.0	0.0	0.0	0.0	6283.0	0.0	0.0	0.0	0.0	0.0	0.0	0.0	3283.0	0.0	1620.0	0.0	0.0	1835.0	0.0	0.0	0.0	0.0	0.0	0.0	0.0	0.0	0.0	0.0	0.0	0.0	0.0	0.0	0.0
Veillonella_sp._6_1_27	0.0	0.0	0.0	0.0	0.0	0.0	0.0	0.0	0.0	0.0	1661.0	1801.0	0.0	0.0	0.0	0.0	0.0	6739.0	0.0	0.0	0.0	8962.0	0.0	2077.0	0.0	0.0	0.0	0.0	0.0	3640.0	0.0	1708.0	0.0	0.0	2516.0	0.0	0.0	0.0	0.0	0.0	0.0	0.0	0.0	0.0	0.0	0.0	0.0	0.0	0.0	0.0
